time,seconds_elapsed,z,y,x
1757768747738787600,25.07378759765625,0.0616172288708388,0.1669692623108625,0.0658693333573639
1757768747748744700,25.08374462890625,-0.0864722686640918,-0.4400485368221998,0.0030989158634096
1757768747758701800,25.093701904296875,-0.2626921744011342,-1.00337332470119,-0.0062768883123993
1757768747768658700,25.10365869140625,-0.5037549930572509,-1.486090790426731,-0.0293319660115987
1757768747778615800,25.11361572265625,-0.6852360341928899,-1.7991344110578298,-0.0675834437988698
1757768747788572700,25.12357275390625,-0.7864664576582611,-2.0208610994726417,-0.1387275026887655
1757768747798529500,25.133529541015623,-0.7886755120098591,-2.14205236094892,-0.2798716015325859
1757768747808486700,25.143486572265623,-0.7731219690471887,-2.265147410219908,-0.5104935805972666
1757768747818443800,25.15344384765625,-0.6505341386459768,-2.347552721706033,-0.7875988226890563
1757768747828400600,25.163400634765622,-0.5521208184279501,-2.403816460719705,-1.0700487137444317
1757768747838357800,25.173357666015622,-0.580998830126971,-2.34101192176044,-1.4106604325197636
1757768747848315000,25.18331494140625,-0.5251052395999432,-2.215643666860461,-1.7141408366441726
1757768747858271500,25.193271484375,-0.5726077261395752,-2.041045809367299,-2.0115319839827714
1757768747868228600,25.203228515625,-0.555051026660949,-1.7919541441649198,-2.3731965737894174
1757768747878185700,25.213185791015626,-0.6802332574695348,-1.544035029873252,-2.7760534440755844
1757768747888142600,25.223142578125,-0.8403723814994096,-1.3973048379927873,-3.173196905151009
1757768747898099700,25.233099609375,-0.906118526868522,-1.308408410921693,-3.471481055806577
1757768747908056300,25.243056396484373,-0.9588482465371488,-1.269638243022561,-3.694606797364354
1757768747918013400,25.253013427734373,-1.1371414514169096,-1.324456459403038,-3.8696103130489594
1757768747927970000,25.262969970703125,-1.132435757943988,-1.315064361679554,-3.966819810435176
1757768747937927200,25.27292724609375,-1.1631208190649749,-1.324756903654337,-3.957143635073304
1757768747947884300,25.28288427734375,-0.8867863421499729,-1.2688561527341604,-3.82311451933384
1757768747957841200,25.292841064453125,-0.774193689931929,-0.993102690577507,-3.582975099132955
1757768747967798300,25.30279833984375,-0.5161535791203379,-0.4517120866090059,-3.250598124739528
1757768747977755400,25.31275537109375,-0.2206269104793667,0.2070797389030456,-2.7603201606318355
1757768747987712300,25.322712158203124,-0.0889963803142309,0.8380483224660158,-2.290370844934136
1757768747997669000,25.332669189453124,-0.0682826781094074,1.2245002936571836,-2.047839999552071
1757768748007626200,25.342626220703124,0.2611962367549538,1.495619081750512,-1.8234874926783144
1757768748017583000,25.3525830078125,0.5693520853444933,1.7894056287258862,-1.4435552786447108
1757768748027540200,25.362540283203124,0.7445745044767856,2.1282658276587725,-1.138774313315749
1757768748037497300,25.372497314453124,0.8195788920566439,2.4547815088033675,-1.0193240502879024
1757768748047454500,25.382454345703124,0.7864467300444841,2.844769252905249,-0.9935621247828006
1757768748057411000,25.3924111328125,0.6940308966755867,3.206732095006108,-0.9050736939907074
1757768748067368200,25.4023681640625,0.4845318216711282,3.4029221911042926,-0.7801945377819239
1757768748077325300,25.4123251953125,0.433873063057661,3.49707288544178,-0.7018544299080968
1757768748087282200,25.4222822265625,0.1545689226821064,3.4563246954679485,-0.599637771884352
1757768748097239300,25.4322392578125,-0.1115899049162864,3.2602216931313275,-0.3895467223361134
1757768748107197200,25.442197265625,-0.2315232752859592,2.842217814856768,-0.1710470331437885
1757768748117153300,25.4521533203125,-0.1760895573556423,2.239131509953737,0.0963033423267304
1757768748127111200,25.46211108398437,0.0877402427732944,1.5732324827849864,0.327138781479001
1757768748137068300,25.472068359375,0.4334995535701513,0.9582803835213184,0.3826274444669484
1757768748147025400,25.482025390625,0.7452969735324383,0.4161930294603109,0.2906146389409899
1757768748156982300,25.49198217773437,0.9667547818779944,0.0048036008894443,0.1342798756301403
1757768748166939100,25.50193920898437,1.010124844788015,-0.1401689336687326,1.43938515335e-05
1757768748176896300,25.51189624023437,0.8954755523011088,0.0372796370804309,0.0037358985926955
1757768748186853000,25.52185302734375,0.6096338268503546,0.3657803545624017,0.0919723273850977
1757768748196810200,25.53181030273437,0.2671951849088073,0.6483522645622491,0.1585039971087128
1757768748206767400,25.54176733398437,0.1213347616001963,0.8267670499950647,0.1879476068012416
1757768748216724200,25.55172412109375,0.0935416225284337,0.9061638273149728,0.1297456662666052
1757768748226681300,25.56168139648437,0.1185671965830028,0.9358353274792433,-0.0103927626660093
1757768748236638200,25.57163818359375,0.1480301685631275,1.0106161354362964,-0.2039442538889125
1757768748246595000,25.58159497070313,0.0606122896119952,0.9230635241895914,-0.4501287264076992
1757768748256552200,25.59155224609375,-0.141477385918796,0.6572492722451686,-0.7334865626208483
1757768748266509300,25.60150927734375,-0.2967449583895504,0.4888000005096197,-0.8982022738512605
1757768748276466200,25.61146606445313,-0.501938299024105,0.3193564570397138,-1.008895960580185
1757768748286423300,25.62142333984375,-0.70579746844545,-0.0376864643156528,-0.9809922738060356
1757768748296380200,25.631380126953125,-0.9093729986198246,-0.467758381524682,-0.8402388913128525
1757768748306337300,25.641337158203125,-1.1332909134685991,-1.009441830959916,-0.715186424363777
1757768748316294100,25.651294189453125,-1.336171593246609,-1.4981804566711183,-0.556961317261681
1757768748326251300,25.661251220703125,-1.4115299088306723,-1.8385633351266384,-0.3149527421880513
1757768748336208400,25.67120849609375,-1.5850849792726336,-2.105682239928841,-0.0449656615383923
1757768748346165200,25.681165283203125,-1.710438182733953,-2.2592425700902936,0.2437920244242996
1757768748356122400,25.691122314453125,-1.7237547604247927,-2.371577155894041,0.5330426084704697
1757768748366079200,25.701079345703125,-1.7586808201164006,-2.44386731607914,0.8014502379089593
1757768748376036000,25.7110361328125,-1.7347382189929483,-2.4534756869018075,1.0325801299631594
1757768748385993200,25.7209931640625,-1.6287329823412,-2.4110072490066288,1.2438118739791213
1757768748395950300,25.730950439453125,-1.5367396121680736,-2.396135258567333,1.386811647159606
1757768748405907200,25.7409072265625,-1.5096616356283423,-2.425449615857005,1.4862508032940327
1757768748415864300,25.7508642578125,-1.467248727312684,-2.381168575581908,1.5469770746745168
1757768748425821200,25.7608212890625,-1.462543326100707,-2.294063123580813,1.585039386565238
1757768748435778000,25.77077807617188,-1.487791164603829,-2.063026755028963,1.594168011046946
1757768748445735200,25.78073510742188,-1.469205706599355,-1.7312088758230209,1.5549050911948084
1757768748455692300,25.7906923828125,-1.514920286808908,-1.4762123704910275,1.4619363001182677
1757768748465649200,25.80064916992188,-1.601139603625238,-1.1804063003867864,1.3630258440330625
1757768748475606300,25.81060620117188,-1.6201453328683972,-0.8579080381900072,1.2608265755355357
1757768748485563400,25.8205634765625,-1.5451266245022417,-0.5140215355277061,1.2259332490697503
1757768748495520300,25.830520263671875,-1.4070657690286636,-0.0117944826900959,1.27216717697829
1757768748505477000,25.84047705078125,-1.280152915035188,0.6504261482268572,1.3828878978446124
1757768748515434200,25.850434326171875,-1.0477022957712412,1.4016209476262331,1.4605840087264776
1757768748525391400,25.860391357421875,-0.8147226841971278,2.1401339601069687,1.3987985836818813
1757768748535348200,25.87034814453125,-0.5552355894476175,2.4015724811851977,1.189030044086277
1757768748545305300,25.880305419921875,-0.239742822098732,2.2187515697479245,1.1255343079924582
1757768748555262200,25.89026220703125,0.0660199938744306,1.9079694643080236,1.3503525326818226
1757768748565219000,25.900218994140623,0.4120855941414832,1.5703975516200064,1.768303511725366
1757768748575176200,25.91017626953125,0.6992766883745789,1.2972674237042665,2.0971520197317
1757768748585133300,25.92013330078125,0.8831722433060407,1.330282389077544,2.338881339472532
1757768748595090200,25.930090087890623,0.994529508510232,1.9928648390442127,2.569909232456982
1757768748605047300,25.94004736328125,0.8695031989157199,3.2914860154449936,2.779114585211873
1757768748615004400,25.95000439453125,0.388795903968811,4.532342985141277,2.7410952356800435
1757768748624961000,25.9599609375,-0.0227139361113309,5.037767372715473,2.501394499157369
1757768748634918100,25.969918212890622,-0.0235521405011415,5.159045143431425,2.3711194752544165
1757768748644875300,25.979875244140626,0.1775502775579691,5.5359156318068505,2.375061490878463
1757768748654832400,25.989832275390626,0.3120370739370584,5.536431180113554,2.1234514131143687
1757768748664789200,25.999789306640626,0.5692750745855272,4.416169844087958,1.6520143430769445
1757768748674746400,26.009746337890626,0.9094231213718652,2.777957816392183,1.4652020239159464
1757768748684703200,26.019703125,1.316110655862093,1.5187252320498228,1.6896569682508706
1757768748694660000,26.02966015625,1.6231234718963503,0.7185965981334448,2.104026581676304
1757768748704617200,26.0396171875,1.716458904328197,0.4087789538115263,2.47379045291692
1757768748714574300,26.04957421875,1.5116279672652482,0.6627110447824001,2.633143687266111
1757768748724531200,26.05953125,0.9953251889325678,1.2830711405694484,2.4339567474395034
1757768748734488300,26.06948828125,0.317453838288784,1.8970213693141933,1.89212307587862
1757768748744445400,26.079445556640625,-0.3075670889161527,2.223826388794184,1.3177803426399826
1757768748754402000,26.089402099609377,-0.7806165625862777,2.1871365343004463,0.8381868541538715
1757768748764359200,26.099359130859376,-0.953366892516613,1.8822008168011903,0.5089379486531019
1757768748774316300,26.10931640625,-0.8454745269440114,1.453632289892435,0.2879734767824411
1757768748784273200,26.119273193359376,-0.6439630896925926,1.055280037549138,0.1219720365904271
1757768748794230300,26.129230224609376,-0.4623322648227214,0.6684492961734533,-0.0441805025100708
1757768748804187400,26.1391875,-0.3228023597098887,0.1715139200031757,-0.151744220650196
1757768748814144300,26.149144287109376,-0.2929676318079233,-0.3980816187083721,-0.1939022774219513
1757768748824101000,26.15910107421875,-0.325022958368808,-0.998404888638854,-0.1803976298131048
1757768748834058200,26.169058349609376,-0.4513315628588199,-1.512774799212813,-0.1362929690182208
1757768748844015400,26.179015380859376,-0.6233377964235842,-1.934694389626384,-0.1279191084265709
1757768748853972200,26.18897216796875,-0.7672815724559128,-2.297613509538769,-0.1468149475544691
1757768748863929300,26.198929443359376,-0.8827420351952314,-2.629225637039542,-0.1916904465913772
1757768748873886500,26.208886474609372,-0.856057295756787,-2.814112833356857,-0.2494771573886275
1757768748883842300,26.21884228515625,-0.811182527372241,-2.9173154336780307,-0.3125643126815557
1757768748893799400,26.22879931640625,-0.7111671787850559,-2.8328929371505973,-0.3994676662392914
1757768748903756000,26.238756103515627,-0.6287352715529501,-2.636301274514198,-0.5168515347892418
1757768748913713200,26.248713134765627,-0.586201221075654,-2.485350250068307,-0.6862824745059013
1757768748923670300,26.258670166015627,-0.5470829703912139,-2.1945810050874948,-0.8839366518072783
1757768748933627100,26.268627197265623,-0.6324100145429372,-1.819477526384592,-1.102332003842294
1757768748943584300,26.278584228515623,-0.802722742062807,-1.4558411981135606,-1.4172371805615722
1757768748953541400,26.288541259765623,-0.9187947608292102,-1.267864803609252,-1.78986930071488
1757768748963498200,26.298498291015623,-1.0986509772419928,-1.1912976967573166,-2.0897046263352035
1757768748973455000,26.308455078125,-1.2683937959194185,-1.0142448473274708,-2.30616418800205
1757768748983412200,26.318412109375,-1.3577546256318689,-0.8703934257537126,-2.560468034894764
1757768748993369000,26.328369140625,-1.3072221237465738,-0.6686819358855486,-2.74377789889276
1757768749003326200,26.338326171875,-1.2731217012241485,-0.3897106807261705,-2.840555434602499
1757768749013283300,26.348283447265626,-1.1270838755220174,-0.1128694233328104,-2.8984423909038304
1757768749023240200,26.358240234375,-0.9797340904384853,0.1190980885893106,-3.0103578745126724
1757768749033197000,26.368197021484374,-0.7399623345062136,0.396679350695014,-3.098994773864746
1757768749043154200,26.378154296875,-0.560352201808989,0.5870920324355363,-3.162800598821044
1757768749053111300,26.388111328125,-0.3136941934943199,0.6615729806631803,-3.160281893998384
1757768749063068200,26.398068115234373,-0.1253287996724247,0.5617015705913305,-3.1198481768012045
1757768749073025300,26.408025390625,0.0787067492291331,0.4999263746798038,-3.0394770014911887
1757768749082982400,26.417982421875,-0.017917057223618,0.6579501139909029,-2.886577765586972
1757768749092939300,26.427939208984377,-0.0163256963789463,1.109601410323381,-2.518082306846976
1757768749102896000,26.437896240234377,-0.0225906019926071,1.6907207980901002,-2.0436504389077426
1757768749112853200,26.447853271484377,-0.1203071721181273,2.1930857980936764,-1.6240129680819808
1757768749122810000,26.45781005859375,0.2264423187598586,2.547656191855669,-1.3254777652747929
1757768749132767200,26.467767333984376,0.5589531486660242,2.681774154922366,-1.2923179846033452
1757768749142724400,26.477724365234376,0.7268722590476274,2.706226459133625,-1.323071873176843
1757768749152681200,26.48768115234375,0.6321402576908469,2.745543739521503,-1.2682536567963658
1757768749162638000,26.49763818359375,0.3322939722850918,2.6782991722881797,-1.3092634203158318
1757768749172595200,26.50759521484375,-0.1353743928685784,2.391654313760996,-1.5484293193094432
1757768749182552000,26.517552001953124,-0.5848337321147322,1.8957810138642788,-1.804427549029887
1757768749192509200,26.52750927734375,-0.970374141418934,1.2370575774133206,-2.001592481509596
1757768749202466300,26.53746630859375,-1.1944698970526455,0.5591144767075776,-2.058252380234003
1757768749212423200,26.547423095703124,-1.2184741652354598,0.0948573813021183,-1.9596597579263149
1757768749222380300,26.55738037109375,-1.0480489172518253,-0.0194271695256233,-1.7109173445530237
1757768749232337200,26.567337158203124,-0.7110895835041999,0.1665361315906047,-1.3847285572752357
1757768749242294300,26.577294189453124,-0.3961033043727278,0.6798591634601354,-1.0485625658623874
1757768749252251100,26.587251220703124,-0.2408084055036306,1.3491495866328478,-0.6468018202498554
1757768749262208300,26.597208251953123,-0.216942961269617,1.9725100332796568,-0.2811950686886906
1757768749272165400,26.607165283203123,-0.2294575749278068,2.301689965197444,0.0586899432472884
1757768749282122200,26.617122314453123,-0.0972594740077853,2.3395874419152736,0.3488763468388468
1757768749292078300,26.627078369140627,0.2200483799390494,2.274388116773963,0.6157145350035279
1757768749302035200,26.63703515625,0.4600789329379797,2.2110686140298843,0.8486050069894641
1757768749311992000,26.64699194335937,0.6446010953351855,2.298045471215248,1.033708695601672
1757768749321949200,26.65694921875,0.6870014364302158,2.3031150295645,1.0552253847524524
1757768749331906300,26.66690625,0.5608946381226182,2.3009692497074603,1.0324379450134933
1757768749341863200,26.67686328125,0.2738496743619442,2.003068253150582,0.8622162567779421
1757768749351820300,26.6868203125,-0.0171833361215889,1.4574953950613736,0.6179415634032338
1757768749361777400,26.69677734375,-0.086404756385833,0.8824088577181101,0.5376241641070694
1757768749371734000,26.70673413085937,-0.0871992677643895,0.2830664155185222,0.5970564866868778
1757768749381691100,26.71669116210937,-0.2039398334421217,-0.4931903444230556,0.6624356619071216
1757768749391648300,26.72664819335937,-0.3123334265351295,-1.07448567327857,0.7359444771669804
1757768749401605000,26.736605224609374,-0.3985433910012245,-1.602476112926006,0.7815568391110748
1757768749411562200,26.746562255859374,-0.7119462003335356,-2.021456142756343,0.7894562140587716
1757768749421519400,26.756519287109374,-1.0065767969176174,-2.3271792112410066,0.7853219637982547
1757768749431476200,26.766476318359373,-1.300563834901154,-2.5567969451665875,0.778035752312839
1757768749441433000,26.77643310546875,-1.5989450161904095,-2.680422155791521,0.8066121507167816
1757768749451390200,26.78639013671875,-1.767629996377975,-2.672650352746248,0.9009969460710884
1757768749461347000,26.79634716796875,-1.91969336597994,-2.5752275048702957,1.0282508685871958
1757768749471304200,26.80630419921875,-2.05033152410686,-2.472272741830349,1.1693505072347818
1757768749481261300,26.81626123046875,-2.14441236807853,-2.3858418280899523,1.2433775742150843
1757768749491218200,26.82621826171875,-2.108411664892733,-2.313701305508613,1.2670084790408611
1757768749501175000,26.836175048828125,-1.964225166145712,-2.271698731559515,1.2504019198939202
1757768749511132200,26.846132080078124,-1.8418255517929791,-2.2071587471097707,1.2441557189807295
1757768749521089300,26.85608935546875,-1.7112284563288092,-2.076578310519457,1.2705410370811818
1757768749531046100,26.866046142578124,-1.6825298928499222,-1.8737959765493868,1.3155071370109914
1757768749541003300,26.876003173828124,-1.7058336115479469,-1.5654238548606634,1.383308461344242
1757768749550960400,26.88596044921875,-1.6954057410359382,-1.111424534097314,1.4328496141046283
1757768749560917200,26.895917236328124,-1.6773755788266658,-0.5609077898651361,1.4310706217333673
1757768749570873300,26.905873291015624,-1.5670353817105291,0.0719791945397853,1.403689278332889
1757768749580830200,26.915830322265624,-1.4445827219963072,0.770693280595541,1.371816760993004
1757768749590787000,26.925787109375,-1.3814847530484198,1.5579460663259028,1.4833900070354342
1757768749600744200,26.935744140625,-1.2708423581153154,2.191706326434016,1.698048656760156
1757768749610701000,26.945701171875,-1.0922989778667689,2.366718609946966,1.952629567028582
1757768749620658200,26.955658203125,-0.7559981080278754,1.9831085841834544,2.2466697965040803
1757768749630615300,26.965615234375,-0.2341416410908103,1.4478911158919334,2.5774451809197663
1757768749640572400,26.975572509765627,0.3274102918967604,1.0938882928848266,2.9413354839518666
1757768749650529000,26.98552905273437,0.6715747347176074,0.8211012793183327,3.304611162216961
1757768749660486100,26.99548608398437,0.7878300010964274,0.6077262396633625,3.5793937335148454
1757768749670443300,27.005443359375,0.7996867353677749,0.6965379110604524,3.8840518031165
1757768749680400100,27.01540014648437,0.758770203089714,1.476799230468273,4.082287725828588
1757768749690357200,27.02535717773437,0.4075304150551557,2.840202967903018,4.015202733071148
1757768749700314400,27.035314453125,-0.1803355243623256,4.032804148474336,3.45013957709223
1757768749710271200,27.04527124023437,-0.5920914481580257,4.601033659529686,2.632612941390276
1757768749720228000,27.05522802734375,-0.6733107647299766,5.253829459497332,1.933604548563063
1757768749730185200,27.06518530273437,-0.7101762680515646,6.133760528925061,1.2514555206000804
1757768749740142000,27.07514208984375,-0.6456466588653623,6.167554661977291,0.4193634761899709
1757768749750099200,27.08509912109375,-0.2947182748675346,4.757154780089855,-0.2702642170906066
1757768749760056300,27.09505639648437,0.2486994510143995,2.7792688989907504,-0.2195291783705353
1757768749770013200,27.10501318359375,0.9408709835588932,1.1584890676110982,0.2643041396424174
1757768749779970000,27.114969970703125,1.6342020614020525,0.1125333232462406,0.7767138560593128
1757768749789927200,27.12492724609375,2.035954039186239,-0.3758645262032747,1.2551660655558108
1757768749799883000,27.134883056640625,2.098348682170361,-0.3234142079979181,1.4760475353181362
1757768749809840000,27.144840087890625,1.893881317722797,0.1650292341589927,1.3678507799714803
1757768749819797200,27.15479736328125,1.3269224111251532,0.8908008384883404,1.04443101901561
1757768749829754000,27.164754150390625,0.3826436649493873,1.5104735365331172,0.6593228636488319
1757768749839711200,27.174711181640625,-0.5955968259304761,1.8366741603791712,0.3431766008272767
1757768749849668400,27.18466845703125,-1.198442892336845,1.8777268862575287,0.0658212564319372
1757768749859625200,27.194625244140624,-1.2866400850974022,1.7205729155182838,-0.2401134089767932
1757768749869582000,27.20458203125,-0.9613847792774438,1.4665589914828538,-0.54805546868518
1757768749879539200,27.214539306640624,-0.4798411796368658,1.1368822159588337,-0.7604495344787836
1757768749889496000,27.22449609375,0.0961993704956024,0.7390788296699523,-0.7527046194404363
1757768749899453200,27.234453125,0.490391215223819,0.2582616446077823,-0.5496298783950507
1757768749909411000,27.2444111328125,0.7432540695279837,-0.2157891150593757,-0.2375254383102059
1757768749919368000,27.25436791992188,0.8299357431590556,-0.6278682794600725,0.1148391159705817
1757768749929324800,27.26432470703125,0.8024106073737144,-1.080403372889757,0.3820845697619021
1757768749939282000,27.27428198242188,0.7113555409640073,-1.493418356835842,0.5563811062209307
1757768749949239000,27.28423901367188,0.6526314762514084,-1.7956734569489954,0.6476526649255305
1757768749959196000,27.29419580078125,0.5262671960514038,-2.0318933656185862,0.6463478659372777
1757768749969153000,27.304153076171875,0.4782173778273165,-2.163219067618251,0.5787117421030998
1757768749979110000,27.31410986328125,0.5408054975569248,-2.238564523720741,0.4985193939587101
1757768749989066000,27.32406591796875,0.4348031835146248,-2.1830238382846114,0.3105519864784553
1757768749999022800,27.33402294921875,0.3981704660356044,-2.075263720789552,0.0320926994292065
1757768750008980000,27.34397998046875,0.3269559722580015,-1.972236477035284,-0.3539142679408192
1757768750018936800,27.353936767578126,0.2434557051420211,-1.8459090217143297,-0.7268447865188121
1757768750028894000,27.36389404296875,0.0705129213795065,-1.6999556594252585,-1.0478959186472
1757768750038851000,27.37385107421875,-0.1924533937878906,-1.6461223624289034,-1.4644476984173058
1757768750048808000,27.38380786132813,-0.5004103588044643,-1.6391227127999066,-1.862560881307721
1757768750058765000,27.39376513671875,-0.7348787476316094,-1.508300868669152,-2.0950005407862364
1757768750068722000,27.40372192382813,-0.9185399092853068,-1.3227192603468894,-2.2271894354864954
1757768750078678800,27.4136787109375,-1.1049334185123445,-1.266243924409151,-2.406291180270165
1757768750088636000,27.42363598632813,-1.2414584427207709,-1.200147942689061,-2.542181559836864
1757768750098593000,27.43359301757813,-1.2858178089290857,-0.9922294148743152,-2.6151652552440763
1757768750108550100,27.44355004882813,-1.2818623493015766,-0.7208604514122009,-2.721906258824468
1757768750118507000,27.45350708007813,-1.3058946745350957,-0.3798556416660547,-2.8671029575273392
1757768750128464000,27.4634638671875,-1.3804822980076077,-0.0173638072550296,-3.0309523342519995
1757768750138421000,27.4734208984375,-1.450129542468488,0.3709703244209289,-3.1970047739788887
1757768750148377900,27.4833779296875,-1.4157459190905093,0.6438070223480462,-3.2905276918068527
1757768750158335000,27.4933349609375,-1.240096798978746,0.7861065383046865,-3.3479496609449386
1757768750168290800,27.503290771484377,-0.926458427324891,1.054531849530339,-3.171985191273689
1757768750178248000,27.513248046875,-0.4701178041324019,1.4473288058340548,-2.804416784250736
1757768750188205000,27.523205078125,-0.269099849486351,1.86532333175838,-2.4094607502169905
1757768750198162000,27.533161865234376,-0.0399058939307928,2.232376774996519,-1.9766008097246288
1757768750208119000,27.543119140625,0.1217763678878545,2.336822653377056,-1.6705945403844118
1757768750218076000,27.553075927734376,0.494211504164338,2.3913971241295338,-1.532900472396612
1757768750228033000,27.563032958984376,0.5544371325463057,2.64731951213479,-1.4454850776635109
1757768750237990000,27.572989990234376,0.1917296095579862,2.8192151249319317,-1.3273428284943103
1757768750247947000,27.582947021484376,-0.2664598563715815,2.696073313909769,-1.3352280287861824
1757768750257904000,27.592904052734376,-0.492887562084198,2.3866186576813457,-1.411287478376925
1757768750267861000,27.602861083984376,-0.561286560049653,2.0836860966980457,-1.4424343117907643
1757768750277817900,27.61281787109375,-0.5638832985445856,1.660914857891202,-1.5285491453193127
1757768750287775000,27.62277490234375,-0.6246481483697891,1.0895376964598893,-1.6326999862760303
1757768750297731800,27.63273193359375,-0.6625649143099784,0.6214356160640716,-1.5943841380156576
1757768750307689000,27.64268896484375,-0.5339373653531074,0.3078986589580774,-1.496922565564513
1757768750317646000,27.65264599609375,-0.2618032627373933,0.1921697545409202,-1.39113608622998
1757768750327602000,27.662601806640627,0.046619420094788,0.3631979368537664,-1.275820731049776
1757768750337559000,27.67255908203125,0.2317173365533351,0.8529244045585394,-1.0985559193696826
1757768750347516200,27.68251611328125,0.1885343206480145,1.4750374814927578,-0.8222013495147228
1757768750357473000,27.69247314453125,0.0833215495482087,1.9292910692781209,-0.4462305864579975
1757768750367430000,27.702429931640623,0.0407918829850852,2.041687614402175,-0.0613349778633564
1757768750377387000,27.712386962890623,0.1711485938221216,1.953448189935088,0.3089511636856943
1757768750387344000,27.72234375,0.2959142066538334,1.8018664663702249,0.6601220512025058
1757768750397301000,27.732301025390623,0.5212155386850238,1.755815493813157,1.024773401734978
1757768750407258000,27.742258056640622,0.6463771650969982,1.7436580230295655,1.220086203541979
1757768750417215000,27.752215087890622,0.62795683452636,1.692886451691389,1.269082362705469
1757768750427171800,27.762171875,0.5546957834824919,1.5877642814844846,1.1608160492539406
1757768750437129000,27.77212890625,0.4215283991388976,1.3760007686793805,0.9604231677036732
1757768750447085800,27.7820859375,0.3003207710497081,0.9823112474501132,0.7234034138932823
1757768750457043000,27.79204296875,0.1699414099894464,0.5409212328910827,0.5899245159151032
1757768750467000000,27.802,0.1064225852809846,-0.0575567014336586,0.5734760699393228
1757768750476956000,27.811955810546877,-0.0464297427415847,-0.5405903935015202,0.6369830946121364
1757768750486913000,27.8219130859375,-0.1800491086363792,-1.0490244842857122,0.6758272045303135
1757768750496870100,27.8318701171875,-0.3654080141186714,-1.5094728350579738,0.724645742104575
1757768750506826800,27.84182666015625,-0.6172381643742323,-1.9279530986726283,0.802757374984771
1757768750516783900,27.85178393554688,-1.0287082569658756,-2.1658663672566414,0.9316855143234132
1757768750526741000,27.86174096679688,-1.324199708162993,-2.304061370503902,1.0746439325802029
1757768750536697900,27.87169775390625,-1.523008608457446,-2.4713065271466967,1.176464577023685
1757768750546655000,27.88165502929688,-1.6537001042068005,-2.6240835979759694,1.3148957271143793
1757768750556612000,27.89161206054688,-1.6888851070955395,-2.7409745319098238,1.4889793514750898
1757768750566569000,27.90156884765625,-1.641941423482448,-2.786047014823556,1.6369336783230304
1757768750576525800,27.91152587890625,-1.4836860673725605,-2.7477643381804224,1.803679068750143
1757768750586483000,27.92148291015625,-1.469901433778554,-2.769901351186633,1.876629592540115
1757768750596439800,27.931439697265624,-1.370609723290801,-2.751376098936796,1.9100538693666456
1757768750606397000,27.94139697265625,-1.2781648099578915,-2.670201790550351,1.8846604849129915
1757768750616353000,27.95135302734375,-1.2379742538668217,-2.4654472797244784,1.792380845144391
1757768750626310000,27.961309814453124,-1.1957092295892535,-2.094330240309238,1.664973193371296
1757768750636267000,27.97126708984375,-1.1969457856468857,-1.4806775332063435,1.528541984926164
1757768750646224100,27.98122412109375,-1.211281915643811,-0.7871563396185636,1.3472867153704169
1757768750656180700,27.9911806640625,-1.2077826753512024,-0.1148755024582147,1.1923679563373326
1757768750666137900,28.001137939453123,-1.1205683561481534,0.6189367849856615,1.079204226233065
1757768750676095000,28.011094970703127,-1.013714101451635,1.3119786706238985,0.9873425196155904
1757768750686051800,28.0210517578125,-0.9719716397434472,1.9545704719632864,1.0311962743893266
1757768750696009000,28.031009033203127,-0.8973667728751897,2.371748420807719,1.1733844389259815
1757768750705966000,28.040966064453126,-0.825632493007183,2.300606261613965,1.346802731245756
1757768750715923000,28.0509228515625,-0.5596861391156912,1.8077099317014216,1.578228099115193
1757768750725879800,28.0608798828125,-0.060830900798738,1.3941279615223408,1.830048020237684
1757768750735837000,28.0708369140625,0.4122410769641399,1.1695423765450714,1.975239165982604
1757768750745794000,28.0807939453125,0.7568878964744508,1.2155220374315976,2.073797739890218
1757768750755750000,28.09075,0.9227044816188512,1.7409738985121248,2.0995389148682357
1757768750765707000,28.10070703125,0.9213476601824164,2.733244814440608,1.98315417689085
1757768750775663900,28.11066381835937,0.6622954497188329,4.00304847715795,1.673506043916941
1757768750785621000,28.12062109375,0.3094866588018834,5.047207401233911,1.1658847308203577
1757768750795578000,28.130578125,0.0820491915248334,5.672575096049904,0.669772069209814
1757768750805534700,28.14053466796875,-0.0167430450081825,5.979082008388638,0.3168441819578409
1757768750815491800,28.150491943359373,-0.054568041011691,5.816622332456707,0.128081020990014
1757768750825449000,28.160448974609373,-0.022357670019567,4.627585566368698,0.0956081996694207
1757768750835406000,28.170406005859373,0.2087099704533815,2.534769237753749,0.3852946178495883
1757768750845363000,28.180363037109377,0.6209224058449268,0.5595195503771305,0.936100700417161
1757768750855320000,28.190320068359377,1.0307966075472532,-0.8157558266371489,1.6456462693497538
1757768750865277000,28.20027685546875,1.3330499540947376,-1.6502537631452083,2.314257770347595
1757768750875233800,28.21023388671875,1.3708983309738336,-1.965517397913337,2.8764252048850056
1757768750885190000,28.22018994140625,1.164144316893816,-1.699257155767083,3.2345772565260527
1757768750895146800,28.230146728515624,0.7289971422471105,-0.8378074994474649,3.287619110883772
1757768750905104000,28.240103759765624,0.1663018844433128,0.4342471570670604,2.9485663119882344
1757768750915060500,28.250060546875,-0.4404506878823042,1.781636163768172,2.242469714465737
1757768750925017300,28.260017333984376,-0.8901556724525987,2.675529707574844,1.244122255102545
1757768750934974500,28.269974365234376,-1.076455512046814,2.7837241248339413,0.2755152694866061
1757768750944931600,28.279931640625,-0.8869004700489341,2.404621931883693,-0.2798784331321716
1757768750954888400,28.289888427734372,-0.3759494280077516,2.010693341201544,-0.3264484611272811
1757768750964845300,28.29984521484375,0.1906675332844257,1.7429992668598888,-0.0495939058609306
1757768750974802400,28.30980249023437,0.6937818903505801,1.4128759166121485,0.2530668524436652
1757768750984759600,28.31975952148437,1.0989052442640066,0.9797913735836744,0.4679219015233218
1757768750994716400,28.32971630859375,1.2120846103288232,0.5078834711641073,0.5760246949762106
1757768751004673500,28.33967358398437,1.1803754668571054,0.0575789132654666,0.6273268660597503
1757768751014629400,28.34962939453125,0.96318218408823,-0.3570136952608823,0.6069057170607149
1757768751024586500,28.35958642578125,0.7010078960813582,-0.7098410447478294,0.5429848874226212
1757768751034543600,28.369543701171875,0.4780734393119811,-1.0319430011034012,0.4123352580536156
1757768751044500200,28.379500244140623,0.2913835774868726,-1.3222937284111975,0.2443932051878422
1757768751054457300,28.389457275390622,0.1318283908247947,-1.6019138028681277,0.0428355176419019
1757768751064414500,28.39941455078125,-0.0067529813915491,-1.9429495922744275,-0.1540872766450047
1757768751074371300,28.409371337890622,-0.0906966083608567,-2.200567678281665,-0.3153440065279603
1757768751084328400,28.419328369140626,-0.084175974420458,-2.3668822760760784,-0.4494197013555094
1757768751094285600,28.42928564453125,-0.2183078198820352,-2.444142625889182,-0.6531451248619705
1757768751104242700,28.43924267578125,-0.3734593647576868,-2.484491002890468,-0.8491782768327742
1757768751114199300,28.44919921875,-0.5864943588033318,-2.463029697188735,-1.0569516970884054
1757768751124156400,28.459156494140625,-0.7926441233798861,-2.3762515774458643,-1.3424898364827036
1757768751134112300,28.4691123046875,-1.022202528333664,-2.1849825711369517,-1.6191102907322346
1757768751144069400,28.4790693359375,-1.355969495780766,-2.106630918955803,-1.9733062982238827
1757768751154026500,28.489026611328125,-1.470939398524165,-2.122280323508382,-2.359406971759349
1757768751163983400,28.4989833984375,-1.549771527698636,-1.9511521879523992,-2.599057585529983
1757768751173940500,28.5089404296875,-1.6193459991842507,-1.6380542067855597,-2.762202028855681
1757768751183897600,28.518897705078125,-1.6880898650646208,-1.3180477614045143,-2.948274635565281
1757768751193854500,28.5288544921875,-1.6843939331561326,-0.9969599505275488,-3.145544635854661
1757768751203811300,28.53881127929688,-1.5197551596194503,-0.6303092428714037,-3.337705914828181
1757768751213768400,28.5487685546875,-1.4454068978607657,-0.2108510741353035,-3.5229373945385216
1757768751223725600,28.5587255859375,-1.3689134407669306,0.2788625340878963,-3.727499889923632
1757768751233682400,28.56868237304688,-1.3047554413720963,0.6324474239438772,-3.8758974304944274
1757768751243639600,28.5786396484375,-1.244696109467745,0.6893254954636097,-3.852345874515176
1757768751253595400,28.588595458984376,-1.181221708422899,0.5816086325883865,-3.58537163888067
1757768751263552500,28.598552490234376,-0.9023530368551612,0.6024205344706773,-3.111994540691376
1757768751273509400,28.60850927734375,-0.5868345505431294,0.8210124319911003,-2.6232512388050555
1757768751283466200,28.61846630859375,-0.365749959424138,1.2193769592940806,-2.287190461332351
1757768751293423400,28.62842333984375,-0.1460240894377231,1.7892758648663758,-2.041010738053918
1757768751303380500,28.63838037109375,0.1698819348871708,2.319791439077258,-1.850483928414434
1757768751313337600,28.64833764648437,0.5387435965910553,2.642325941631198,-1.7576843564249574
1757768751323294500,28.65829443359375,0.8714888197749853,2.9414480044156317,-1.6936321554921567
1757768751333251600,28.66825146484375,0.8569564365535974,3.31254867721796,-1.4755935079403222
1757768751343208400,28.67820849609375,0.5447723553612828,3.5457729112029077,-1.225849662439525
1757768751353165300,28.688165283203126,0.2911848400443792,3.449475852486491,-1.1341681346945465
1757768751363121400,28.698121337890623,0.1493172857642173,3.002317191398144,-1.1241006219275296
1757768751373078300,28.708078369140622,0.1132306578606367,2.426063363841176,-1.1065322320111095
1757768751383035400,28.718035400390622,0.0625835896849632,1.909351858577132,-1.124129190434888
1757768751392992500,28.727992431640622,-0.0222802208691835,1.4527560915797948,-1.1616000392384829
1757768751402949600,28.73794970703125,-0.1184609597295522,1.0365081170618533,-1.1532174108184874
1757768751412906500,28.747906494140626,-0.154784318998456,0.6064484748125076,-1.1339002044733613
1757768751422863400,28.75786328125,-0.0495075427517294,0.1221656594663858,-1.149384189331159
1757768751432820500,28.767820556640626,0.0857730343535542,-0.2372375612795352,-1.2269855346016585
1757768751442777300,28.77777734375,0.1530135099336504,-0.2565256145954132,-1.2613675505444406
1757768751452734500,28.787734375,0.0713949649110436,-0.0080061963230371,-1.2096293991964309
1757768751462691600,28.797691650390625,-0.1143057397462427,0.3176771256506442,-1.0635394779808818
1757768751472647400,28.8076474609375,-0.2947764347955584,0.5671715264350176,-0.8982343494899571
1757768751482604500,28.8176044921875,-0.4562877239614725,0.638812867322564,-0.72604903303124
1757768751492561400,28.8275615234375,-0.4190871434666216,0.7340648009002209,-0.4697718767715618
1757768751502518500,28.8375185546875,-0.2940712091356515,0.9037193567723036,-0.2464998586108908
1757768751512475400,28.84747534179688,-0.271212896117568,1.0505828196436169,-0.0703115901211276
1757768751522432500,28.8574326171875,-0.2507191202737391,1.2267477803230284,0.0482380890714935
1757768751532389400,28.86738940429688,-0.1848176382124423,1.3101689908534289,0.1230054347587749
1757768751542346500,28.87734643554688,-0.0905192059673368,1.2200988438278435,0.1672303061335347
1757768751552303600,28.8873037109375,-0.0652550008513033,0.8754863649785518,0.2411911212109029
1757768751562260500,28.89726049804688,-0.1686687597051262,0.4788555296003818,0.4107284073788672
1757768751572217300,28.90721728515625,-0.4301205786563455,-0.0969482161015272,0.4704109418600797
1757768751582173400,28.91717333984375,-0.6102756318852305,-0.3053787850916385,0.6497195343274623
1757768751592130300,28.92713037109375,-0.7955360454291105,-0.6776654528081417,0.7717397209085524
1757768751602087400,28.93708740234375,-1.1151724884539842,-1.1601426800370216,0.839180979757756
1757768751612044300,28.947044189453123,-1.4924626635462044,-1.4725246218889951,0.92054562308453
1757768751622001400,28.95700146484375,-1.5680401748389006,-1.3327590083241465,1.170489740397781
1757768751631958500,28.96695849609375,-1.6113002015031874,-1.356706285622716,1.3894469640992582
1757768751641915600,28.97691552734375,-1.7563569072134793,-1.5913134983986614,1.4923872602224348
1757768751651872500,28.98687255859375,-1.818093963071704,-1.7526596601307391,1.6144390840508045
1757768751661829400,28.996829345703127,-1.820201895136386,-1.8535259264588355,1.7547614547155796
1757768751671786500,29.006786376953126,-1.763922520162165,-1.9447025734215972,1.863208969952911
1757768751681742300,29.016742431640623,-1.7349375409573315,-2.0108336264550686,1.859491995256394
1757768751691699500,29.026699462890623,-1.6225018328666687,-2.096409969192744,1.8193280349113048
1757768751701656300,29.03665625,-1.5372709425657989,-2.1845628844201563,1.7683555341735482
1757768751711613400,29.046613525390622,-1.486990369614959,-2.216682946780324,1.747079521910846
1757768751721570600,29.056570556640622,-1.4083360812254249,-2.167669032764435,1.750073150768876
1757768751731527700,29.066527587890626,-1.372379655572772,-1.9957383486539124,1.785031359164417
1757768751741484300,29.076484375,-1.3596250956788658,-1.7132295670181512,1.850175446987152
1757768751751441400,29.08644140625,-1.3508121130175887,-1.2850427329033614,1.8840303703159091
1757768751761398500,29.0963984375,-1.2586816724613308,-0.7365045952677727,1.9070277995437384
1757768751771355400,29.10635546875,-1.0947685828506946,-0.0745142659753561,1.929365595819056
1757768751781311500,29.1163115234375,-0.935427331200242,0.6037380468100308,1.8652897217497229
1757768751791268400,29.12626831054688,-0.7088432658821344,1.350894968995452,1.7151631654292343
1757768751801225500,29.1362255859375,-0.4234446080237626,2.0244991637140517,1.504354761391878
1757768751811182600,29.1461826171875,-0.1616536202460527,2.295857605782151,1.3455974471092222
1757768751821139500,29.15613940429688,0.1521270824879407,2.1823381941080093,1.459465818351507
1757768751831096300,29.16609643554688,0.5092801862195134,1.939173580867052,1.7155080333441497
1757768751841053400,29.17605346679688,0.8502546008273959,1.8422317945063116,1.8710548611477016
1757768751851010600,29.18601049804688,0.9722188925027848,1.996672414633632,1.944168028153479
1757768751860967400,29.19596752929688,0.9108356185182928,2.546148709902168,2.048516875900328
1757768751870924500,29.20592456054688,0.7735251430206,3.4996214008808133,2.0419626319512725
1757768751880880400,29.21588037109375,0.4184770487442612,4.683049679437279,1.915379740564525
1757768751890837500,29.22583740234375,-0.138281658617407,5.144594008752703,1.5957167017936706
1757768751900794600,29.235794677734376,-0.4427279851645231,4.741915709903836,1.2539318475857375
1757768751910751200,29.245751220703124,-0.3016074498593807,4.654872801744937,1.158677868181467
1757768751920708400,29.255708251953124,-0.1987475254960358,5.200622185444831,1.1284949113637208
1757768751930665200,29.265665283203123,-0.1953350867040455,4.936176883766055,0.8599196702733636
1757768751940622300,29.275622314453123,0.0679154522322118,3.263831700322032,0.5391755582675337
1757768751950579500,29.285579345703123,0.704295101058483,1.2795166629582644,0.549997688794136
1757768751960536600,29.29553662109375,1.347316379856318,-0.0308522343814373,0.9665744568750262
1757768751970493400,29.305493408203127,1.781444440588355,-0.737268565377593,1.5146020146399737
1757768751980449500,29.315449462890623,1.829224428895116,-0.954457610362768,1.9779417029395696
1757768751990406400,29.325406494140623,1.5164748227745293,-0.5206161114871501,2.179593863835931
1757768752000363300,29.33536328125,0.8936047899931668,0.4380851277947425,1.9861130266964435
1757768752010320400,29.3453203125,0.0928786285750567,1.4519856917291878,1.4391250411123035
1757768752020277200,29.35527734375,-0.71202671822384,2.102126008751988,0.8010805278137326
1757768752030234400,29.365234375,-1.2709021254785358,2.3716934757500887,0.2635552209712565
1757768752040191500,29.37519140625,-1.3923697196781637,2.2428081526398658,-0.1688432394891977
1757768752050148600,29.385148681640626,-1.163766277361661,1.7996651569336652,-0.5128622824899852
1757768752060105200,29.39510522460937,-0.6967683588154614,1.2357102544575929,-0.6612644992358983
1757768752070061600,29.4050615234375,-0.2531932553023099,0.7032897234082222,-0.6175216574907303
1757768752080018200,29.41501806640625,0.1208370412111282,0.1215671090513467,-0.47995004683882
1757768752089975300,29.424975341796877,0.3485650158673524,-0.453927424570918,-0.2841939582437277
1757768752099932400,29.434932373046877,0.2906659307368099,-0.9310235432833432,-0.1673535854533314
1757768752109889300,29.44488916015625,0.1100808155275881,-1.326165016886592,-0.1361331022813916
1757768752119846400,29.45484643554688,-0.1560376800604164,-1.6876321844249962,-0.2245573087308555
1757768752129803500,29.46480346679688,-0.4863562606193125,-2.0115888287365435,-0.3818951116044074
1757768752139760000,29.474760009765625,-0.587695989678055,-2.2474860813230277,-0.5423397944521159
1757768752149717200,29.48471728515625,-0.575214547637105,-2.3804367541760203,-0.6782442756094038
1757768752159674400,29.49467431640625,-0.5308374996416271,-2.4975439612090584,-0.816621941947192
1757768752169630200,29.504630126953124,-0.3960411989219486,-2.549831782329082,-0.9787026284988968
1757768752179587300,29.51458740234375,-0.3481003209650516,-2.530564187279344,-1.12714225464575
1757768752189544400,29.52454443359375,-0.3520294771075248,-2.4240502704530957,-1.2625854019016027
1757768752199501300,29.534501220703124,-0.4227322219707071,-2.266193119880557,-1.3890150024227796
1757768752209458400,29.54445849609375,-0.6059411098122597,-2.0405133099257946,-1.4875683156333863
1757768752219415600,29.55441552734375,-0.7462105812460184,-1.785856996333599,-1.5951633056946095
1757768752229372200,29.5643720703125,-0.9247884482860564,-1.5195575912207364,-1.7355302461534738
1757768752239329300,29.574329345703124,-1.148953762024641,-1.353362235891819,-1.9286042560577392
1757768752249286400,29.584286376953123,-1.3143681961089373,-1.227560265749693,-2.0895017972394823
1757768752259242200,29.5942421875,-1.269144322025776,-1.130027527758479,-2.146432621859759
1757768752269199400,29.604199462890627,-1.2413503061711788,-1.0291448948174715,-2.0770149483710525
1757768752279156500,29.614156494140627,-1.0900184657141565,-0.8551537710458039,-2.0047760799817738
1757768752289113300,29.62411328125,-0.9200412537589668,-0.6848831291019916,-1.9392673966303464
1757768752299070500,29.634070556640623,-0.8137137994155287,-0.4947387429088354,-1.952349873304367
1757768752309027300,29.64402734375,-0.5728539559856057,-0.3283341287434101,-1.900397860009968
1757768752318984200,29.65398413085937,-0.5532166508406401,-0.0812409438818693,-1.7989644613184037
1757768752328941300,29.66394140625,-0.439471905978024,0.2775783394962549,-1.7076159649200735
1757768752338898400,29.6738984375,-0.3014475831225514,0.6692308019399642,-1.675183183348924
1757768752348854300,29.683854248046877,-0.1947404818117618,1.0544102689772843,-1.7356474427923558
1757768752358811400,29.693811279296877,-0.0780664054989814,1.5382704749971627,-1.8802873843953007
1757768752368768500,29.7037685546875,0.0913227774351835,2.1311901906728745,-2.1129308958828448
1757768752378725400,29.713725341796877,0.2944952797666192,2.536057523998618,-2.3980682724565265
1757768752388682200,29.72368212890625,0.530642707721889,2.584601482415199,-2.633901227635145
1757768752398639400,29.733639404296877,0.7196358780533075,2.417435236227512,-2.729804026336968
1757768752408596200,29.74359619140625,0.7775847936749458,2.368305586877465,-2.534600310927629
1757768752418553300,29.75355322265625,0.4919903209835291,2.4469202739089724,-2.108609087160975
1757768752428510500,29.76351049804688,-0.0750152012348175,2.367559152424336,-1.7054484116226434
1757768752438466300,29.77346630859375,-0.6402934612691402,2.0644898133188483,-1.541153044696152
1757768752448423400,29.78342333984375,-0.9600459318891168,1.7524422179877757,-1.5594643619343638
1757768752458380500,29.793380615234376,-1.0520677975043653,1.5430436807483434,-1.57592040669471
1757768752468337400,29.80333740234375,-0.995277404268086,1.285927699044347,-1.5390747771173714
1757768752478294300,29.813294189453124,-0.8789882356196641,0.942689431157708,-1.3531849796287714
1757768752488251400,29.82325146484375,-0.7450619957327842,0.6854600522071123,-1.022744599321112
1757768752498208300,29.833208251953124,-0.5329410477921367,0.6101251174986362,-0.656797144563496
1757768752508165400,29.843165283203124,-0.2513438280433416,0.8624211317002772,-0.3201557541912421
1757768752518121500,29.85312158203125,-0.0139525375068187,1.303789518949389,-0.0454855115608777
1757768752528078300,29.863078369140624,0.0869029151663184,1.6940385443359611,0.1219255123012699
1757768752538035500,29.873035400390624,0.0881628520995378,1.8266747444123028,0.2642746030206792
1757768752547992600,29.88299267578125,0.0611857055857777,1.6502122620910404,0.3520686400741338
1757768752557949200,29.89294921875,0.0920429084032773,1.326923726299405,0.4366857093255966
1757768752567906300,29.90290625,0.1916618050187826,1.036221701335907,0.5081413914479315
1757768752577863400,29.912863525390627,0.3246998638942837,0.8986182342410087,0.5696016031261533
1757768752587820300,29.9228203125,0.3228162421047687,0.8346709549874067,0.559892329212278
1757768752597777400,29.93277734375,0.2261842523455619,0.713624070417881,0.4690316163308918
1757768752607733500,29.9427333984375,0.049896249808371,0.4725128825753927,0.3503443370321765
1757768752617690400,29.9526904296875,-0.1982283239275216,0.1075999584972858,0.2433495413538068
1757768752627647500,29.9626474609375,-0.4329921885699033,-0.2991016045182943,0.1692785256339237
1757768752637604400,29.972604248046878,-0.6345651467502117,-0.7034376074463129,0.1280590283539146
1757768752647561200,29.982561279296878,-0.8768968162983656,-1.147673659086227,0.1117199975693598
1757768752657518300,29.992518310546878,-1.089159510797262,-1.6054536674320696,0.1269436875231564
1757768752667475500,30.002475341796877,-1.238474166212976,-2.0336755728602407,0.1589564170513302
1757768752677432300,30.012432373046877,-1.3728545796081424,-2.349884964045882,0.2356867516409605
1757768752687388400,30.022388427734374,-1.4754267730712889,-2.653070038485527,0.2997322305720299
1757768752697345300,30.03234521484375,-1.5371151674821972,-2.8813141459703444,0.3941394569538533
1757768752707302400,30.042302490234373,-1.608731666189432,-3.0095103177726266,0.5306126779098064
1757768752717259500,30.052259521484373,-1.563790408439934,-3.036300709542632,0.7002928066145628
1757768752727216400,30.06221630859375,-1.5547665595069526,-2.95331146068871,0.8593608673468232
