time,seconds_elapsed,z,y,x
1757863733053703400,0.013703369140625,0.026921097189188004,-0.09623731672763824,-0.00555242458358407
1757863733063689200,0.023689208984375,0.03762514144182205,-0.0678914338350296,0.0011760519118979573
1757863733073674500,0.033674560546875,0.03412734344601631,-0.051002465188503265,0.0022479742765426636
1757863733083660300,0.043660400390625,0.03075764700770378,-0.05188104137778282,0.0008559399866499007
1757863733093645300,0.053645263671875,0.016579508781433105,-0.06704827398061752,-0.0033153691329061985
1757863733103630000,0.063630126953125,-0.0024074974935501814,-0.05842629075050354,-0.00845580268651247
1757863733113616000,0.073615966796875,-0.026613235473632812,-0.014163223095238209,-0.00803129468113184
1757863733123601200,0.08360107421875,-0.0369231291115284,-0.010340788401663303,0.0013590110465884209
1757863733133587200,0.093587158203125,-0.013026852160692215,-0.03381308913230896,0.004021373111754656
1757863733143572000,0.103572021484375,0.022127939388155937,-0.06311532109975815,0.00866059958934784
1757863733153558000,0.11355810546875,0.044536042958498,-0.07870866358280182,-0.0014615427935495973
1757863733163543000,0.12354296875,0.04730706289410591,-0.06665918976068497,-0.020684504881501198
1757863733173529000,0.133529052734375,0.017590444535017014,-0.03278830647468567,-0.04100016504526138
1757863733183514000,0.14351416015625,-0.027049195021390915,0.006453372072428465,-0.049080993980169296
1757863733193500200,0.153500244140625,-0.06095602735877037,-0.0001752359967213124,-0.036976661533117294
1757863733203485000,0.16348486328125,-0.056585248559713364,-0.0037579864729195833,-0.018744392320513725
1757863733213470000,0.173469970703125,-0.03235740587115288,0.0005968143814243376,-0.008298676460981369
1757863733223456300,0.183456298828125,-0.010977017693221569,-0.01501170638948679,-0.01931377686560154
1757863733233441000,0.19344091796875,-0.0008034756756387651,-0.017356619238853455,-0.0389452688395977
1757863733243427000,0.203427001953125,-0.0007864314829930663,-0.010627610608935356,-0.05381369590759277
1757863733253412000,0.213412109375,-0.02058863267302513,-0.0007536745979450643,-0.05475698783993721
1757863733263398100,0.223398193359375,-0.031741682440042496,-0.0006868292111903429,-0.04674593359231949
1757863733273383200,0.233383056640625,-0.008774316869676113,-0.028250813484191895,-0.024218520149588585
1757863733283369000,0.243368896484375,0.032468993216753006,-0.048353683203458786,-0.0017214673571288586
1757863733293354000,0.25335400390625,0.04234479367733002,-0.025252891704440117,0.006295979022979736
1757863733303340300,0.26334033203125,0.037343110889196396,-0.0008663262706249952,0.0032264196779578924
1757863733313325000,0.273324951171875,0.02991289086639881,0.02648140862584114,-0.01787513680756092
1757863733323310000,0.28331005859375,0.018907910212874413,0.04977421462535858,-0.036739371716976166
1757863733333296000,0.293296142578125,0.0033047166652977467,0.055035289376974106,-0.038601189851760864
1757863733343281200,0.30328125,-0.01938275247812271,0.05307812988758087,-0.03123595006763935
1757863733353267200,0.31326708984375,-0.03707998991012573,0.05944974347949028,-0.022763103246688843
1757863733363252200,0.323252197265625,-0.02930728904902935,0.0731130912899971,-0.006729541812092066
1757863733373238000,0.333238037109375,-0.02846626192331314,0.05422462150454521,0.001219727797433734
1757863733383223000,0.34322314453125,-0.025647306814789772,0.04544737562537193,0.004419249482452869
1757863733393209000,0.353208984375,-0.012941098771989346,0.042092058807611465,-0.006112753413617611
1757863733403194000,0.363194091796875,0.0023702133912593126,0.038229409605264664,-0.009979130700230598
1757863733413180200,0.37318017578125,0.02413862571120262,0.02334340661764145,-0.010242250747978687
1757863733423165200,0.383165283203125,0.03844592720270157,0.0034498588647693396,-0.004262655507773161
1757863733433150000,0.39314990234375,0.038964442908763885,-0.025297101587057114,-0.007478422485291958
1757863733443136000,0.403135986328125,0.0326857753098011,-0.0229955967515707,-0.01582876406610012
1757863733453121300,0.413121337890625,0.014328871853649616,0.0015627428656443954,-0.02231675758957863
1757863733463107000,0.423107177734375,-0.013653760775923729,0.027538150548934937,-0.012314989231526852
1757863733473092000,0.433092041015625,-0.008158061653375626,0.016397349536418915,0.01184973493218422
1757863733483078000,0.443077880859375,0.03425117954611778,-0.010547981597483158,0.028688635677099228
1757863733493063000,0.45306298828125,0.06052140146493912,-0.05852962285280228,0.031033549457788467
1757863733503049200,0.46304931640625,0.0768178179860115,-0.07646707445383072,0.012790629640221596
1757863733513034000,0.473033935546875,0.07710197567939758,-0.050026681274175644,-0.008451541885733604
1757863733523019000,0.48301904296875,0.05038727447390556,-0.017675399780273438,-0.013483584858477116
1757863733533005000,0.493005126953125,-0.005891178734600544,0.03332173824310303,-0.004778509959578514
1757863733542990000,0.502989990234375,-0.04990604147315025,0.08035289496183395,0.017533186823129654
1757863733552976100,0.51297607421875,-0.07153356820344925,0.10561776906251907,0.0358530730009079
1757863733562961200,0.522961181640625,-0.07288485765457153,0.0744185745716095,0.04863305017352104
1757863733572947000,0.532947021484375,-0.03912769630551338,0.018562765792012215,0.04765433818101883
1757863733582932000,0.542931884765625,0.013909956440329552,-0.02869289740920067,0.03906431049108505
1757863733592918300,0.552918212890625,0.04285984858870506,-0.06956709176301956,0.029887856915593147
1757863733602903000,0.562903076171875,0.04704873636364937,-0.06636358052492142,0.018566492944955826
1757863733612889000,0.57288916015625,0.03617824241518974,-0.03524507209658623,0.01056502666324377
1757863733622874000,0.5828740234375,0.017651963979005814,0.005000085104256868,0.015726765617728233
1757863733632859000,0.59285888671875,-0.0018066884949803352,0.028550684452056885,0.020726317539811134
1757863733642845200,0.60284521484375,-0.014941665343940258,0.023994814604520798,0.01696593314409256
1757863733652830200,0.612830322265625,-0.02286643348634243,0.010934673249721527,0.006942594423890114
1757863733662816000,0.62281591796875,-0.020719392225146294,-0.013937386684119701,0.00694845337420702
1757863733672801000,0.632801025390625,-0.005536445416510105,-0.021166803315281868,0.028057733550667763
1757863733682787000,0.642787109375,-0.00768721429631114,0.009088835678994656,0.05486857518553734
1757863733692772000,0.652772216796875,-0.012596218846738338,0.03190280497074127,0.05908302590250969
1757863733702758100,0.662758056640625,-0.00977300200611353,0.039670180529356,0.03928934782743454
1757863733712743200,0.6727431640625,-0.003938548732548952,0.052141763269901276,0.017779529094696045
1757863733722729200,0.682729248046875,-0.007862450554966927,0.05090472474694252,-0.002130795270204544
1757863733732714200,0.69271435546875,-0.013866014778614044,0.04280126094818115,-0.008981510996818542
1757863733742699300,0.70269921875,-0.003970507066696882,0.014161092229187489,-0.007997206412255764
1757863733752685000,0.71268505859375,-0.0015656723408028483,-0.013435914181172848,-0.0028421254828572273
1757863733762670000,0.722670166015625,-0.017530789598822594,-0.008142348378896713,0.004095941781997681
1757863733772656000,0.73265625,-0.048176851123571396,0.039514653384685516,0.010885138064622879
1757863733782641200,0.74264111328125,-0.08179233223199844,0.08328130841255188,0.0156474020332098
1757863733792627200,0.752627197265625,-0.07783061265945435,0.049008555710315704,0.0137214045971632
1757863733802612000,0.762612060546875,-0.04923359304666519,0.06185457855463028,0.026068352162837982
1757863733812598000,0.772597900390625,-0.01697605475783348,0.04271630570292473,0.026942668482661247
1757863733822583300,0.782583251953125,0.007252320181578398,0.0327472947537899,0.011202853173017502
1757863733832568000,0.792568115234375,0.02695252187550068,0.029801039025187492,0.0012990899849683046
1757863733842554000,0.80255419921875,0.04879150912165642,0.020475713536143303,0.005787048954516649
1757863733852539100,0.8125390625,0.0521625354886055,0.00011957593233091757,0.0142316659912467
1757863733862525000,0.82252490234375,0.03759824112057686,-0.01690681092441082,0.018332134932279587
1757863733872510200,0.83251025390625,0.003977697342634201,0.008500809781253338,0.009769273921847343
1757863733882496000,0.84249609375,-0.040113065391778946,0.055039551109075546,0.008212123066186905
1757863733892481000,0.85248095703125,-0.07020784914493561,0.0876409038901329,0.014674816280603409
1757863733902467000,0.862467041015625,-0.06487460434436798,0.09604370594024658,0.02761325240135193
1757863733912452000,0.8724521484375,-0.042901661247015,0.09016131609678268,0.03286420553922653
1757863733922438100,0.882438232421875,-0.01967703178524971,0.06078026071190834,0.02448670007288456
1757863733932423200,0.892423095703125,-0.0005699164466932416,0.03585360571742058,0.006178533658385277
1757863733942408200,0.902408203125,0.038412902504205704,-0.008916263468563557,0.00031318774563260376
1757863733952394000,0.91239404296875,0.07283133268356323,-0.04562127962708473,0.013538178987801075
1757863733962379000,0.92237890625,0.07798321545124054,-0.05139661207795143,0.04243720695376396
1757863733972365000,0.932364990234375,0.05735250562429428,0.01733478158712387,0.05278598144650459
1757863733982350000,0.94235009765625,0.037158288061618805,0.07039640098810196,0.042271289974451065
1757863733992336100,0.952336181640625,0.010308830067515373,0.0991060733795166,0.015425029210746288
1757863734002321000,0.96232080078125,-0.011954663321375847,0.1151478961110115,-0.006807838566601276
1757863734012307200,0.97230712890625,-0.025783659890294075,0.12027181684970856,-0.020266389474272728
1757863734022292200,0.982292236328125,-0.030253509059548378,0.1010427251458168,-0.02184697613120079
1757863734032278000,0.992278076171875,-0.027903269976377487,0.07574296742677689,-0.00977460015565157
1757863734042263000,1.002262939453125,-0.04204678535461426,0.07561086863279343,0.011472364887595177
1757863734052248000,1.012248046875,-0.06022445857524872,0.09661815315485,0.025239842012524605
1757863734062234000,1.022234130859375,-0.06758090853691101,0.11879242956638336,0.021985992789268494
1757863734072219100,1.03221923828125,-0.06187641620635986,0.1229589432477951,0.009133044630289078
1757863734082205200,1.042205078125,-0.04621143639087677,0.08876208961009979,0.01143721118569374
1757863734092190000,1.05218994140625,-0.015801599249243736,0.04596429690718651,0.039505332708358765
1757863734102176000,1.062176025390625,0.015116634778678417,0.049696184694767,0.07281269133090973
1757863734112161000,1.0721611328125,0.02918691374361515,0.0378459170460701,0.07025392353534698
1757863734122147000,1.08214697265625,0.04793689772486687,0.0370219349861145,0.052678123116493225
1757863734132132000,1.092132080078125,0.0531255342066288,0.044266797602176666,0.025796443223953247
1757863734142117000,1.1021171875,0.051022969186306,0.02893471159040928,-0.006052832584828138
1757863734152103000,1.11210302734375,0.03671194240450859,0.0035902075469493866,-0.01007899921387434
1757863734162088000,1.122087890625,0.02050847001373768,-0.02929850108921528,0.005542038008570671
1757863734172074000,1.132073974609375,0.010250240564346313,-0.048407744616270065,0.015544338151812553
1757863734182059000,1.14205908203125,0.0006641923682764173,-0.044911280274391174,0.011295264586806297
1757863734192045000,1.152045166015625,-0.013468404300510883,-0.025498434901237488,-0.010686200112104416
1757863734202029800,1.16202978515625,-0.023622505366802216,-0.003952929750084877,-0.02509683184325695
1757863734212016000,1.17201611328125,-0.036486104130744934,0.024625185877084732,-0.010965033434331417
1757863734222001200,1.182001220703125,-0.02900635078549385,0.023256853222846985,0.019290341064333916
1757863734231987000,1.191987060546875,0.0023118900135159492,0.010333597660064697,0.04585830122232437
1757863734241972000,1.201971923828125,0.02942446805536747,-0.02695917896926403,0.046897999942302704
1757863734251957000,1.21195703125,0.04667296260595322,-0.05793280899524689,0.01937902346253395
1757863734261943000,1.221943115234375,0.046243395656347275,-0.054118361324071884,-0.01441036444157362
1757863734271928000,1.231927978515625,0.02293221279978752,-0.03189055621623993,-0.03002367913722992
1757863734281914000,1.2419140625,-0.013739247806370258,-0.0020503676496446133,-0.02515755034983158
1757863734291899000,1.25189892578125,-0.029092371463775635,0.009731989353895187,-0.0020413128659129143
1757863734301885000,1.261885009765625,-0.02816026471555233,0.01452914159744978,0.018849587067961693
1757863734311870200,1.2718701171875,-0.028054004535079002,0.0057068876922130585,0.02088983543217182
1757863734321856000,1.28185595703125,-0.021927669644355774,0.012116850353777409,0.007735684048384428
1757863734331841000,1.291841064453125,-0.0182929877191782,0.031920116394758224,-0.0059806606732308865
1757863734341826000,1.301825927734375,-0.011155448853969574,0.038428083062171936,-0.009294698014855385
1757863734351811800,1.311811767578125,-0.007278951816260815,0.02983725816011429,-0.008170045912265778
1757863734361797000,1.321797119140625,-0.006066680885851383,0.013734720647335052,-0.0010538127971813083
1757863734371783000,1.331782958984375,-0.012540026567876339,0.012852415442466736,0.00007190534961409867
1757863734381768000,1.341767822265625,-0.02370532974600792,0.01242231484502554,-0.004091148264706135
1757863734391754000,1.35175390625,-0.03388206660747528,0.029287846758961678,-0.004061320796608925
1757863734401739000,1.361739013671875,-0.0370701365172863,0.05772055312991142,0.0052237906493246555
1757863734411725000,1.37172509765625,-0.032290827482938766,0.07367634773254395,0.014336328953504562
1757863734421710000,1.3817099609375,-0.01281672902405262,0.06053951010107994,0.015059377066791058
1757863734431696000,1.39169580078125,0.007844074629247189,0.04447266086935997,0.014425544999539852
1757863734441681000,1.401680908203125,0.019233349710702896,0.03311321139335632,0.014856976456940174
1757863734451666200,1.411666259765625,0.01685834303498268,0.031803470104932785,0.01960858888924122
1757863734461652000,1.42165185546875,-0.0008607336785644293,0.04075941443443298,0.024821992963552475
1757863734471637000,1.431636962890625,-0.021258683875203133,0.06093951687216759,0.026621224358677864
1757863734481623000,1.441623046875,-0.034450117498636246,0.07949535548686981,0.021819544956088066
1757863734491607800,1.45160791015625,-0.04989352449774742,0.08224267512559891,0.00675324397161603
1757863734501594000,1.461593994140625,-0.04308728128671646,0.06340426951646805,-0.002273540711030364
1757863734511579100,1.4715791015625,-0.023451529443264008,0.03705122694373131,-0.0064895907416939735
1757863734521565000,1.48156494140625,-0.006945523899048567,0.021635787561535835,0.0026077672373503447
1757863734531550000,1.491550048828125,0.004960670135915279,0.031623706221580505,0.012913933955132961
1757863734541535000,1.501534912109375,0.007734884973615408,0.0453144833445549,0.0233527272939682
1757863734551521000,1.51152099609375,0.01303137931972742,0.035061314702034,0.026402313262224197
1757863734561506000,1.521506103515625,0.017233315855264664,0.028323249891400337,0.024765534326434135
1757863734571491800,1.531491943359375,0.013526461087167263,0.027730165049433708,0.01732812449336052
1757863734581476900,1.541476806640625,0.0030282805673778057,0.023126624524593353,0.005686647724360228
1757863734591463200,1.551463134765625,0.005082909017801285,0.01595206931233406,-0.005702360533177853
1757863734601448000,1.561447998046875,0.0010165285784751177,0.013138172216713428,-0.0051902346312999725
1757863734611434000,1.57143408203125,-0.01631292700767517,0.02774428017437458,0.006912766955792904
1757863734621419000,1.5814189453125,-0.02636636048555374,0.046057507395744324,0.022589465603232384
1757863734631405000,1.591405029296875,-0.02863137796521187,0.05313911661505699,0.033366478979587555
1757863734641390000,1.60139013671875,-0.02136201411485672,0.04384308680891991,0.027717115357518196
1757863734651375000,1.611375,-0.0038746329955756664,0.014479606412351131,0.015240471810102463
1757863734661361000,1.62136083984375,0.010793792083859444,-0.005094626918435097,0.005391303449869156
1757863734671346000,1.631345947265625,0.019569173455238342,-0.021337512880563736,-0.000003462109361862531
1757863734681332200,1.641332275390625,0.019633622840046883,-0.02696024440228939,-0.00009400958515470847
1757863734691317000,1.65131689453125,0.009636647999286652,-0.025680329650640488,0.004945756401866674
1757863734701303000,1.661302978515625,-0.008547947742044926,0.007237672805786133,0.017119597643613815
1757863734711288000,1.6712880859375,-0.03398912400007248,0.061832208186388016,0.02924417145550251
1757863734721273900,1.68127392578125,-0.05323126167058945,0.10158228129148483,0.0406760573387146
1757863734731259100,1.691259033203125,-0.04742104560136795,0.0944460779428482,0.04217062145471573
1757863734741245000,1.701244873046875,-0.024863537400960922,0.04507959261536598,0.03223623335361481
1757863734751230000,1.71122998046875,0.004349208436906338,-0.0035955337807536125,0.019292471930384636
1757863734761215000,1.721215087890625,0.028805814683437347,-0.03532390296459198,0.007215302437543869
1757863734771200800,1.73120068359375,0.03328711539506912,-0.05621027573943138,-0.0031473238486796618
1757863734781186000,1.74118603515625,0.024402013048529625,-0.06168200448155403,-0.009957293048501015
1757863734791172000,1.751172119140625,0.004357996862381697,-0.03951545059680939,-0.003285009181126952
1757863734801157000,1.7611572265625,-0.022056300193071365,0.009811618365347385,0.014569355174899101
1757863734811143000,1.771142822265625,-0.050206977874040604,0.06664799898862839,0.031155256554484367
1757863734821128000,1.7811279296875,-0.06523386389017105,0.09478030353784561,0.033608295023441315
1757863734831114000,1.791114013671875,-0.04923092946410179,0.06352411210536957,0.02508964017033577
1757863734841099000,1.80109912109375,-0.008891762234270573,0.004807271994650364,0.00977380108088255
1757863734851084000,1.811083984375,0.02267521806061268,-0.04827352240681648,-0.006887200754135847
1757863734861069800,1.82106982421875,0.03166471794247627,-0.06058478355407715,-0.015483618713915348
1757863734871054800,1.831054931640625,0.016284164041280746,-0.029798109084367752,-0.015909990295767784
1757863734881041200,1.841041259765625,-0.014309164136648178,0.020607274025678635,-0.005575327668339014
1757863734891026000,1.85102587890625,-0.038167357444763184,0.03964381664991379,0.005888781975954771
1757863734901012000,1.861011962890625,-0.044323522597551346,0.024453144520521164,0.01401728205382824
1757863734910997000,1.8709970703125,-0.04050268605351448,0.008226504549384117,0.016112657263875008
1757863734920983000,1.880983154296875,-0.035596877336502075,0.008067513816058636,0.017236776649951935
1757863734930968000,1.890968017578125,-0.022008363157510757,0.011385279707610607,0.020142817869782448
1757863734940953900,1.900953857421875,-0.0013739247806370258,0.009396697394549847,0.016410132870078087
1757863734950939000,1.91093896484375,0.013500096276402473,-0.010240919888019562,0.011844941414892673
1757863734960924000,1.920923828125,0.018140921369194984,-0.01888740435242653,0.008889098651707172
1757863734970910000,1.930909912109375,0.00771677540615201,-0.018493790179491043,0.016532370820641518
1757863734980895000,1.94089501953125,-0.012620986439287663,0.0018991001415997744,0.027045466005802155
1757863734990881000,1.950881103515625,-0.028966404497623444,0.01986611634492874,0.044382911175489426
1757863735000866000,1.960865966796875,-0.03452016040682793,0.014285195618867874,0.05793653801083565
1757863735010852000,1.97085205078125,-0.025717614218592644,-0.0032471923623234034,0.06810688227415085
1757863735020837000,1.980837158203125,-0.0017262609908357263,-0.020142020657658577,0.07612113654613495
1757863735030823000,1.990822998046875,0.018848787993192673,-0.03400643542408943,0.07794087380170822
1757863735040808000,2.000807861328125,0.023254722356796265,-0.03193396329879761,0.08629440516233444
1757863735050793000,2.01079296875,0.022086126729846,-0.010178867727518082,0.09724106639623642
1757863735060779000,2.020779052734375,0.020719658583402634,0.005940713454037905,0.10885298252105713
1757863735070764000,2.030763916015625,0.017126789316534996,0.004443750716745853,0.11729440093040466
1757863735080750000,2.04075,-0.0013821806060150266,0.00839454960078001,0.12266786396503448
1757863735090734800,2.05073486328125,-0.0211846474558115,0.03236646205186844,0.1352536976337433
1757863735100721400,2.060721435546875,-0.03828506916761398,0.045933403074741364,0.15310992300510406
1757863735110706400,2.07070654296875,-0.03675322234630585,0.04909617453813553,0.17066574096679688
1757863735120692500,2.0806923828125,-0.015267902053892612,0.04084756597876549,0.18098363280296326
1757863735130677500,2.090677490234375,0.004120176658034325,0.02304566465318203,0.18403801321983337
1757863735140663300,2.100663330078125,0.01521969959139824,0.005995574407279491,0.1815873682498932
1757863735150648300,2.1106484375,0.018488196656107903,-0.008921856060624123,0.1842915415763855
1757863735160633300,2.12063330078125,0.009149023331701756,-0.007803861051797867,0.19619347155094147
1757863735170619400,2.130619384765625,-0.011446266435086727,0.007303719408810139,0.2160353660583496
1757863735180604400,2.1406044921875,-0.017307883128523827,0.022284001111984253,0.24216575920581818
1757863735190590500,2.150590576171875,-0.008271245285868645,0.05067196488380432,0.26691851019859314
1757863735200575200,2.1605751953125,0.016926785930991173,0.07669877260923386,0.284183531999588
1757863735210561300,2.170561279296875,0.05096198245882988,0.10100357979536057,0.3037148714065552
1757863735220546600,2.180546630859375,0.07608411461114883,0.1136876791715622,0.32426515221595764
1757863735230532400,2.190532470703125,0.08843931555747986,0.11401418596506119,0.34616219997406006
1757863735240517400,2.200517333984375,0.09477471560239792,0.09447617083787918,0.3657987415790558
1757863735250503400,2.21050341796875,0.10473813116550446,0.05968037247657776,0.3707900643348694
1757863735260488200,2.22048828125,0.12293390929698944,0.033253561705350876,0.37117329239845276
1757863735270473500,2.230473388671875,0.12926797568798065,0.004727909807115793,0.3756364583969116
1757863735280459500,2.24045947265625,0.13373276591300964,0.007284278050065041,0.392379492521286
1757863735290444300,2.2504443359375,0.14167484641075134,0.031017037108540535,0.4160403609275818
1757863735300430300,2.260430419921875,0.1643735021352768,0.05223284289240837,0.43400895595550537
1757863735310415400,2.270415283203125,0.1885177195072174,0.041793253272771835,0.4308352768421173
1757863735320401400,2.2804013671875,0.22275638580322266,0.08299368619918823,0.4207456409931183
1757863735330386400,2.290386474609375,0.218006893992424,0.1167101040482521,0.4010893702507019
1757863735340372200,2.300372314453125,0.19159792363643646,0.16270263493061066,0.3783177435398102
1757863735350357200,2.310357177734375,0.15756964683532715,0.21978029608726501,0.3619214594364166
1757863735360342300,2.32034228515625,0.11834049224853516,0.258372962474823,0.34697261452674866
1757863735370328300,2.330328369140625,0.08925451338291168,0.27595993876457214,0.3284681737422943
1757863735380313300,2.340313232421875,0.07716163247823715,0.24577274918556213,0.30286452174186707
1757863735390299400,2.35029931640625,0.082965187728405,0.23029258847236633,0.299359530210495
1757863735400284400,2.360284423828125,0.1070026159286499,0.24450695514678955,0.3216305077075958
1757863735410270500,2.3702705078125,0.13462811708450317,0.26279541850090027,0.3691633939743042
1757863735420255500,2.38025537109375,0.1593073606491089,0.29046404361724854,0.4276796877384186
1757863735430241300,2.3902412109375,0.18470753729343414,0.31745094060897827,0.47345250844955444
1757863735440226300,2.400226318359375,0.209171324968338,0.29828575253486633,0.4949399530887604
1757863735450212400,2.41021240234375,0.19636018574237823,0.263980507850647,0.5109809637069702
1757863735460197400,2.420197265625,0.16872377693653107,0.2582264840602875,0.5426286458969116
1757863735470182400,2.430182373046875,0.137406587600708,0.28544187545776367,0.6051434278488159
1757863735480168400,2.44016845703125,0.12827248871326447,0.31568071246147156,0.6830925345420837
1757863735490153200,2.4501533203125,0.15401166677474976,0.32636985182762146,0.746060311794281
1757863735500139500,2.460139404296875,0.22146500647068024,0.33660250902175903,0.7692439556121826
1757863735510124500,2.47012451171875,0.32084113359451294,0.315679669380188,0.7601463198661804
1757863735520110300,2.4801103515625,0.4078940153121948,0.2563609480857849,0.7402399778366089
1757863735530095400,2.490095458984375,0.46993181109428406,0.23540931940078735,0.735897958278656
1757863735540081200,2.5000810546875,0.4964941740036011,0.2853555679321289,0.7733042240142822
1757863735550066400,2.51006640625,0.4583768844604492,0.35193488001823425,0.8495851159095764
1757863735560052500,2.520052490234375,0.41627657413482666,0.40183451771736145,0.9304594993591309
1757863735570037200,2.530037353515625,0.42522186040878296,0.5237180590629578,1.0103378295898438
1757863735580022300,2.540022216796875,0.4680961072444916,0.5891005396842957,1.0661486387252808
1757863735590008600,2.550008544921875,0.5346421003341675,0.5858852863311768,1.1062976121902466
1757863735599993300,2.559993408203125,0.6215357184410095,0.5409069061279297,1.1053266525268555
1757863735609979400,2.5699794921875,0.6758673787117004,0.47175848484039307,1.0936185121536255
1757863735619964400,2.57996435546875,0.680895209312439,0.4282935559749603,1.1050972938537598
1757863735629950200,2.5899501953125,0.7024694681167603,0.47290951013565063,1.15109384059906
1757863735639935500,2.599935546875,0.7194604277610779,0.5765189528465271,1.2077656984329224
1757863735649921500,2.609921630859375,0.7117021083831787,0.6296093463897705,1.2313122749328613
1757863735659906300,2.61990625,0.6892790794372559,0.6060283780097961,1.2475261688232422
1757863735669892400,2.629892333984375,0.6593712568283081,0.5236017107963562,1.2460861206054688
1757863735679877400,2.63987744140625,0.6061429381370544,0.3691498041152954,1.2264940738677979
1757863735689862400,2.6498623046875,0.5702251195907593,0.23143908381462097,1.2149183750152588
1757863735699848400,2.659848388671875,0.5438646078109741,0.20754919946193695,1.204960584640503
1757863735709833500,2.66983349609375,0.5521137714385986,0.23724530637264252,1.146540641784668
1757863735719819300,2.6798193359375,0.5965685844421387,0.23341141641139984,1.0218652486801147
1757863735729804300,2.68980419921875,0.5729554295539856,0.19987156987190247,0.8917711973190308
1757863735739790300,2.699790283203125,0.5184063911437988,0.16033267974853516,0.8307656645774841
1757863735749775400,2.709775390625,0.4727478325366974,0.21816642582416534,0.8947595357894897
1757863735759761400,2.719761474609375,0.3960290849208832,0.3969508111476898,1.0618659257888794
1757863735769746200,2.72974609375,0.31523197889328003,0.6859911680221558,1.216689109802246
1757863735779731200,2.739731201171875,0.3175095319747925,0.8216802477836609,1.2881358861923218
1757863735789717500,2.749717529296875,0.4195408225059509,0.5572614073753357,1.238869547843933
1757863735799702500,2.75970263671875,0.6609725952148438,0.015913452953100204,1.1313714981079102
1757863735809688300,2.769688232421875,1.0221930742263794,-0.4907130002975464,1.0660345554351807
1757863735819673300,2.77967333984375,1.2824782133102417,-0.7539105415344238,1.0821717977523804
1757863735829659400,2.789659423828125,1.2905910015106201,-0.7874743342399597,1.1127246618270874
1757863735839644400,2.79964453125,1.116737961769104,-0.5003216862678528,1.1955499649047852
1757863735849630500,2.80963037109375,0.8726528882980347,-0.053882937878370285,1.259735345840454
1757863735859615200,2.819615234375,0.6926786303520203,0.12596379220485687,1.2385283708572388
1757863735869601500,2.8296015625,0.5887572765350342,-0.06844989955425262,1.156096339225769
1757863735879586600,2.839586669921875,0.6092934608459473,-0.3970312476158142,1.0292962789535522
1757863735889571300,2.8495712890625,0.6737040877342224,-0.6514922976493835,0.9297337532043457
1757863735899557400,2.859557373046875,0.6133467555046082,-0.6413112878799438,0.9051389098167419
1757863735909542400,2.86954248046875,0.39751699566841125,-0.40996408462524414,0.9387655854225159
1757863735919528400,2.879528564453125,0.07146938890218735,-0.13746118545532227,1.0097620487213135
1757863735929513500,2.889513427734375,-0.20226281881332397,-0.012588762678205967,0.9865450859069824
1757863735939499300,2.899499267578125,-0.2628803551197052,-0.13329413533210754,0.8804037570953369
1757863735949484300,2.909484375,-0.08541476726531982,-0.27499136328697205,0.7805600166320801
1757863735959470300,2.91947021484375,0.17733962833881378,-0.336974561214447,0.7196598649024963
1757863735969455400,2.929455322265625,0.3431283235549927,-0.3884441554546356,0.6911107897758484
1757863735979441400,2.93944140625,0.3889293670654297,-0.4187948703765869,0.6841567754745483
1757863735989426400,2.949426513671875,0.3703295886516571,-0.3590061068534851,0.6916698217391968
1757863735999411500,2.959411376953125,0.3084752857685089,-0.39134618639945984,0.652577817440033
1757863736009397200,2.969397216796875,0.30073586106300354,-0.43205899000167847,0.5496900081634521
1757863736019382500,2.979382568359375,0.33557188510894775,-0.5389998555183411,0.39711061120033264
1757863736029368300,2.989368408203125,0.37891215085983276,-0.5619075298309326,0.2537001669406891
1757863736039353300,2.999353271484375,0.3895525634288788,-0.45056238770484924,0.1377706527709961
1757863736049339400,3.00933935546875,0.3169822096824646,-0.33097419142723083,0.05892297253012657
1757863736059324200,3.01932421875,0.16820712387561798,-0.23211818933486938,0.033250365406274796
1757863736069310500,3.029310546875,0.056649163365364075,-0.11943105608224869,0.026036128401756287
1757863736079295500,3.03929541015625,0.00245090713724494,-0.05766436085104942,-0.04717816412448883
1757863736089280300,3.0492802734375,-0.006414489820599556,-0.040050212293863297,-0.22199870645999908
1757863736099266300,3.059266357421875,-0.006957508157938719,-0.06352943927049637,-0.4577622413635254
1757863736109250800,3.069250732421875,-0.024514663964509964,-0.010185259394347668,-0.630774736404419
1757863736119236600,3.079236572265625,-0.08995998650789261,0.07768174260854721,-0.6748961210250854
1757863736129221600,3.0892216796875,-0.18273253738880157,0.05811310559511185,-0.565609872341156
1757863736139207700,3.099207763671875,-0.2926054894924164,-0.08228342235088348,-0.39725229144096375
1757863736149192700,3.109192626953125,-0.39373505115509033,-0.09601680934429169,-0.265545129776001
1757863736159178800,3.1191787109375,-0.490110844373703,0.007545268163084984,-0.261919766664505
1757863736169163800,3.129163818359375,-0.5663670301437378,0.08935651183128357,-0.36975595355033875
1757863736179149600,3.139149658203125,-0.5810356736183167,0.1297025978565216,-0.5304532051086426
1757863736189134600,3.149134521484375,-0.5013781785964966,0.07036018371582031,-0.6565051674842834
1757863736199120000,3.159119873046875,-0.41193827986717224,0.01059245690703392,-0.6863570809364319
1757863736209105700,3.169105712890625,-0.35352692008018494,0.009220129810273647,-0.6694289445877075
1757863736219090700,3.179090576171875,-0.3332216441631317,0.02959943749010563,-0.6637822389602661
1757863736229076700,3.18907666015625,-0.3069809675216675,0.06794123351573944,-0.7012230753898621
1757863736239061500,3.1990615234375,-0.23508228361606598,0.10422360897064209,-0.767121434211731
1757863736249047800,3.2090478515625,-0.226824089884758,-0.004821653012186289,-0.8601022362709045
1757863736259032800,3.21903271484375,-0.24937760829925537,-0.196321040391922,-0.9216952919960022
1757863736269018600,3.2290185546875,-0.315647691488266,-0.3995324969291687,-0.9365447759628296
1757863736279003600,3.239003662109375,-0.46169227361679077,-0.4716831147670746,-0.9104556441307068
1757863736288989700,3.24898974609375,-0.6226018071174622,-0.42191821336746216,-0.8941465020179749
1757863736298974700,3.258974609375,-0.736416220664978,-0.343509703874588,-0.8990629315376282
1757863736308959700,3.268959716796875,-0.7753822803497314,-0.29331284761428833,-0.9190211892127991
1757863736318945500,3.278945556640625,-0.7573052644729614,-0.30068525671958923,-0.9466597437858582
1757863736328930600,3.2889306640625,-0.7113612294197083,-0.36632364988327026,-0.969678521156311
1757863736338916900,3.298916748046875,-0.655485987663269,-0.4379299283027649,-0.9815218448638916
1757863736348901600,3.308901611328125,-0.5953280925750732,-0.49051645398139954,-0.988136351108551
1757863736358887700,3.3188876953125,-0.5641555190086365,-0.5199534296989441,-0.9986249208450317
1757863736368872700,3.328872802734375,-0.5558595061302185,-0.5242352485656738,-1.0137189626693726
1757863736378858800,3.338858642578125,-0.560531735420227,-0.4850068986415863,-1.016615390777588
1757863736388843800,3.34884375,-0.5969992280006409,-0.4119601249694824,-1.012499451637268
1757863736398829800,3.358829833984375,-0.6595933437347412,-0.33273908495903015,-1.0012950897216797
1757863736408814600,3.368814697265625,-0.733278214931488,-0.2292076200246811,-0.9708817601203918
1757863736418799600,3.378799560546875,-0.7872985601425171,-0.16741988062858582,-0.9469931721687317
1757863736428786000,3.388785888671875,-0.773474395275116,-0.18267127871513367,-0.9485977292060852
1757863736438770700,3.398770751953125,-0.722143292427063,-0.25470417737960815,-0.9376420378684998
1757863736448756700,3.4087568359375,-0.6437323689460754,-0.3311896324157715,-0.919170618057251
1757863736458741800,3.41874169921875,-0.5492340922355652,-0.4228769540786743,-0.9023687243461609
1757863736468727800,3.428727783203125,-0.46769315004348755,-0.4843706786632538,-0.8801957964897156
1757863736478712800,3.438712890625,-0.40636056661605835,-0.48231711983680725,-0.8556557893753052
1757863736488698600,3.44869873046875,-0.37665778398513794,-0.4120919406414032,-0.8307941555976868
1757863736498683600,3.45868359375,-0.4020547568798065,-0.284751832485199,-0.7990766763687134
1757863736508669700,3.468669677734375,-0.4676668047904968,-0.17447273433208466,-0.7866764664649963
1757863736518654700,3.47865478515625,-0.5517364144325256,-0.14392973482608795,-0.7719113826751709
1757863736528639700,3.4886396484375,-0.5831372141838074,-0.14431776106357574,-0.7538186311721802
1757863736538625800,3.498625732421875,-0.5542112588882446,-0.20158185064792633,-0.7364497780799866
1757863736548610600,3.508610595703125,-0.49367523193359375,-0.24521002173423767,-0.7097793221473694
1757863736558596600,3.5185966796875,-0.4142586886882782,-0.25866830348968506,-0.6822786927223206
1757863736568582000,3.528581787109375,-0.3460993468761444,-0.15877659618854523,-0.6540625095367432
1757863736578567700,3.538567626953125,-0.2979254424571991,-0.06642376631498337,-0.640024721622467
1757863736588552700,3.548552734375,-0.28779369592666626,-0.001437041675671935,-0.6305989623069763
1757863736598538800,3.558538818359375,-0.30869951844215393,0.03214168921113014,-0.613880455493927
1757863736608523500,3.5685234375,-0.320914626121521,0.11216914653778076,-0.5855880975723267
1757863736618509800,3.578509765625,-0.3139880299568176,0.16055718064308167,-0.5664386749267578
1757863736628494800,3.588494873046875,-0.28813299536705017,0.2906632721424103,-0.5370043516159058
1757863736638479600,3.598479736328125,-0.2818756401538849,0.3481811583042145,-0.5375065803527832
1757863736648465700,3.608465576171875,-0.29812222719192505,0.29420793056488037,-0.5674961805343628
1757863736658450700,3.61845068359375,-0.3126780092716217,0.1937612146139145,-0.6079062223434448
1757863736668436700,3.628436767578125,-0.3055671155452728,0.07858216017484665,-0.6445448994636536
1757863736678421800,3.638421875,-0.26885250210762024,-0.02490907721221447,-0.6639854311943054
1757863736688407600,3.648407470703125,-0.21628063917160034,-0.037103693932294846,-0.6673375368118286
1757863736698392600,3.658392578125,-0.20067983865737915,-0.03603683039546013,-0.6735712289810181
1757863736708379000,3.66837890625,-0.21600446105003357,0.0073537868447601795,-0.6945582628250122
1757863736718363600,3.67836376953125,-0.2437593936920166,0.04247289150953293,-0.7302590012550354
1757863736728349700,3.688349609375,-0.27085039019584656,0.034388601779937744,-0.7583958506584167
1757863736738334700,3.698334716796875,-0.2831653952598572,0.04102812707424164,-0.7654145956039429
1757863736748319700,3.70831982421875,-0.2970103621482849,0.08682677149772644,-0.7475314736366272
1757863736758305800,3.718305908203125,-0.30793678760528564,0.1354028284549713,-0.7141162753105164
1757863736768290800,3.728290771484375,-0.2951381802558899,0.20341303944587708,-0.6903653740882874
1757863736778276600,3.738276611328125,-0.26299434900283813,0.20371291041374207,-0.6837663650512695
1757863736788261600,3.74826171875,-0.21827907860279083,0.2049584686756134,-0.6806269884109497
1757863736798248000,3.758248046875,-0.14694790542125702,0.22101759910583496,-0.6774554252624512
1757863736808232700,3.768232666015625,-0.07843195647001266,0.19326986372470856,-0.6659135818481445
1757863736818218800,3.77821875,-0.03597903996706009,0.16371330618858337,-0.6258497834205627
1757863736828203800,3.788203857421875,-0.006670952308923006,0.1373027265071869,-0.5701215267181396
1757863736838189600,3.798189453125,-0.008236091583967209,0.12117702513933182,-0.49552398920059204
1757863736848174800,3.8081748046875,-0.04186569154262543,0.18738028407096863,-0.4150666892528534
1757863736858159900,3.818159912109375,-0.10451655834913254,0.26820480823516846,-0.37462419271469116
1757863736868145700,3.828145751953125,-0.1599278748035431,0.32311761379241943,-0.34669724106788635
1757863736878130700,3.838130615234375,-0.16768407821655273,0.32177990674972534,-0.32592564821243286
1757863736888116500,3.848116455078125,-0.12020523846149445,0.29662367701530457,-0.29168617725372314
1757863736898101800,3.858101806640625,-0.0563756562769413,0.2513539493083954,-0.2659483253955841
1757863736908087800,3.868087890625,-0.026508839800953865,0.19860629737377167,-0.2545958161354065
1757863736918072600,3.878072509765625,-0.0037883466575294733,0.1860489696264267,-0.2446257323026657
1757863736928058600,3.88805859375,0.02298467792570591,0.171978160738945,-0.24312956631183624
1757863736938043600,3.898043701171875,0.026502447202801704,0.11147699505090714,-0.2522178590297699
1757863736948029700,3.90802978515625,0.02689206786453724,0.07741702347993851,-0.26260367035865784
1757863736958014700,3.9180146484375,0.05567897483706474,0.03858228027820587,-0.27494609355926514
1757863736967999700,3.927999755859375,0.059125639498233795,-0.03620674088597298,-0.2779666483402252
1757863736977985500,3.937985595703125,0.048774197697639465,-0.11805739998817444,-0.2930675745010376
1757863736987970800,3.947970703125,0.044491034001111984,-0.13633334636688232,-0.27456870675086975
1757863736997956900,3.957956787109375,0.03561418503522873,-0.0834011510014534,-0.259422242641449
1757863737007941600,3.967941650390625,0.009214270859956741,-0.05835412070155144,-0.25930747389793396
1757863737017927700,3.977927734375,0.009797503240406513,-0.026854250580072403,-0.2666553854942322
1757863737027912700,3.98791259765625,0.028669727966189384,-0.0524032860994339,-0.2763948440551758
1757863737037898800,3.997898681640625,0.06179599091410637,-0.06737344712018967,-0.2753210663795471
1757863737047883800,4.0078837890625,0.07108908891677856,-0.09296535700559616,-0.27530986070632935
1757863737057869600,4.01786962890625,0.05404246225953102,-0.11201175302267075,-0.28627943992614746
1757863737067854600,4.0278544921875,0.038123417645692825,-0.06681178510189056,-0.2863292396068573
1757863737077841000,4.0378408203125,-0.003293264890089631,0.01726900227367878,-0.27802789211273193
1757863737087825700,4.04782568359375,-0.032171785831451416,0.10885351151227951,-0.2741495370864868
1757863737097810700,4.057810791015625,-0.031082551926374435,0.12292485684156418,-0.2735061049461365
1757863737107797500,4.067797607421875,-0.010821222327649593,0.1079951748251915,-0.27494075894355774
1757863737117782300,4.0777822265625,0.00836578756570816,0.09395019710063934,-0.28240105509757996
1757863737127768600,4.0877685546875,0.04565750062465668,0.09629404544830322,-0.3017963469028473
1757863737137753600,4.097753662109375,0.07537864148616791,0.14322000741958618,-0.3226954936981201
1757863737147739400,4.107739501953125,0.07717148214578629,0.09613851457834244,-0.35309839248657227
1757863737157724400,4.117724365234375,0.08936077356338501,0.12281300127506256,-0.3638959228992462
1757863737167710500,4.12771044921875,0.07966233789920807,0.12724582850933075,-0.3835444748401642
1757863737177695500,4.137695556640625,0.020846160128712654,0.14418354630470276,-0.37260952591896057
1757863737187681500,4.147681640625,-0.06039836257696152,0.17758996784687042,-0.3146679401397705
1757863737197666300,4.157666259765625,-0.08256891369819641,0.2612217366695404,-0.2572006285190582
1757863737207651300,4.1676513671875,-0.08086022734642029,0.20681282877922058,-0.24860422313213348
1757863737217637600,4.1776376953125,-0.02871127240359783,0.14686667919158936,-0.25554361939430237
1757863737227622400,4.187622314453125,0.04685778543353081,0.10893740504980087,-0.2795301675796509
1757863737237608400,4.1976083984375,0.09458403289318085,0.048890843987464905,-0.31339332461357117
1757863737247593500,4.207593505859375,0.11171108484268188,-0.003625627374276519,-0.33470502495765686
1757863737257579500,4.21757958984375,0.10590645670890808,-0.013133911415934563,-0.33125969767570496
1757863737267564500,4.227564453125,0.12152456492185593,-0.06451001763343811,-0.3076968491077423
1757863737277550300,4.23755029296875,0.1638677567243576,-0.03217311576008797,-0.26146063208580017
1757863737287535400,4.247535400390625,0.18507185578346252,0.05441717058420181,-0.21592722833156586
1757863737297521400,4.257521484375,0.20469987392425537,0.14071530103683472,-0.19733251631259918
1757863737307506700,4.267506591796875,0.22851839661598206,0.19154280424118042,-0.2019895762205124
1757863737317492500,4.277492431640625,0.259899765253067,0.20776064693927765,-0.2076682448387146
1757863737327477500,4.2874775390625,0.27258944511413574,0.21263743937015533,-0.20056772232055664
1757863737337462500,4.297462646484375,0.2547236382961273,0.17835749685764313,-0.1807468831539154
1757863737347448300,4.3074482421875,0.21464252471923828,0.19432367384433746,-0.1584349125623703
1757863737357433600,4.31743359375,0.16148848831653595,0.2643378973007202,-0.12902162969112396
1757863737367419400,4.32741943359375,0.09447723627090454,0.2756592631340027,-0.10319110006093979
1757863737377404400,4.337404296875,0.05792668089270592,0.3142061233520508,-0.0787305012345314
1757863737387390500,4.347390380859375,0.06681125611066818,0.3106590807437897,-0.07226380705833435
1757863737397375200,4.357375244140625,0.1021420806646347,0.2622492015361786,-0.08689681440591812
1757863737407361500,4.367361572265625,0.13539937138557434,0.21324090659618378,-0.1057722344994545
1757863737417346600,4.3773466796875,0.15881414711475372,0.19357532262802124,-0.11134543269872665
1757863737427332400,4.387332275390625,0.1655452847480774,0.19444884359836578,-0.10844071954488754
1757863737437317400,4.3973173828125,0.15504631400108337,0.23848846554756165,-0.09500587731599808
1757863737447302700,4.407302734375,0.11903930455446243,0.26002705097198486,-0.07604470103979111
1757863737457288400,4.417288330078125,0.07280256599187851,0.2895069122314453,-0.057911768555641174
1757863737467273500,4.4272734375,0.019026154652237892,0.3083711564540863,-0.04633340984582901
1757863737477259500,4.437259521484375,-0.030549652874469757,0.299091100692749,-0.0385841429233551
1757863737487244300,4.447244384765625,-0.05435405299067497,0.28329989314079285,-0.034805651754140854
1757863737497230600,4.457230712890625,-0.04729081690311432,0.25913408398628235,-0.030669495463371277
1757863737507215600,4.467215576171875,-0.007452856283634901,0.22428663074970245,-0.02497778832912445
1757863737517201400,4.477201416015625,0.04723968356847763,0.16340969502925873,-0.020774787291884422
1757863737527186400,4.4871865234375,0.08678336441516876,0.13045601546764374,-0.015991749241948128
1757863737537172500,4.49717236328125,0.08917541801929474,0.13707315921783447,-0.01531717088073492
1757863737547157500,4.507157470703125,0.061891332268714905,0.15689480304718018,-0.01588335819542408
1757863737557142500,4.517142578125,0.013438044115900993,0.17402958869934082,-0.022965770214796066
1757863737567128300,4.52712841796875,-0.0337129570543766,0.1800485998392105,-0.02520415559411049
1757863737577113300,4.53711328125,-0.07517917454242706,0.18548651039600372,-0.02563771978020668
1757863737587099600,4.547099609375,-0.10085684061050415,0.17890743911266327,-0.020774254575371742
1757863737597084400,4.55708447265625,-0.11851226538419724,0.20317815244197845,-0.013391705229878426
1757863737607070500,4.567070556640625,-0.11289672553539276,0.23057781159877777,-0.006056561134755611
1757863737617055500,4.577055419921875,-0.1280546337366104,0.28446581959724426,0.010118148289620876
1757863737627041500,4.58704150390625,-0.12125798314809799,0.3378632664680481,0.024102939292788506
1757863737637026600,4.597026611328125,-0.10274235904216766,0.39028200507164,0.032289229333400726
1757863737647012400,4.607012451171875,-0.08295134454965591,0.41787049174308777,0.03892742469906807
1757863737656997400,4.616997314453125,-0.05730270594358444,0.34815770387649536,0.023488547652959824
1757863737666983400,4.6269833984375,-0.02527552843093872,0.25704139471054077,0.012569587677717209
1757863737676968400,4.636968505859375,0.005774265620857477,0.17878040671348572,0.005559614859521389
1757863737686953500,4.646953369140625,0.03593083471059799,0.11725471913814545,-0.003364371368661523
1757863737696939500,4.656939453125,0.05308612063527107,0.07155407965183258,-0.007601993158459663
1757863737706924500,4.666924560546875,0.052630987018346786,0.03395610302686691,-0.01660933718085289
1757863737716910300,4.676910400390625,0.04752464219927788,0.02564038150012493,-0.01618908904492855
1757863737726895600,4.6868955078125,0.026268621906638145,0.03994794934988022,-0.007987885735929012
1757863737736881400,4.69688134765625,0.0031731564085930586,0.07250242680311203,-0.003203516360372305
1757863737746866400,4.706866455078125,-0.016699351370334625,0.08582436293363571,-0.0034205641131848097
1757863737756852500,4.7168525390625,-0.015201323665678501,0.07930067926645279,-0.00030599720776081085
1757863737766837200,4.726837158203125,-0.0017379788914695382,0.04267475754022598,0.002028263406828046
1757863737776823600,4.736823486328125,0.01835743524134159,0.014068947173655033,0.013698767870664597
1757863737786808600,4.74680859375,0.03689543530344963,0.0169113390147686,0.0279738437384367
1757863737796793300,4.75679345703125,0.05480785295367241,0.05278891324996948,0.03606665879487991
1757863737806779400,4.766779296875,0.05490106716752052,0.05868568271398544,0.036979056894779205
1757863737816764400,4.776764404296875,0.05981646105647087,0.05518948659300804,0.021209148690104485
1757863737826750500,4.78675048828125,0.06329934298992157,0.03702006861567497,-0.003111903788521886
1757863737836735500,4.796735595703125,0.044315267354249954,0.056471530348062515,-0.002671150490641594
1757863737846721500,4.806721435546875,0.004941495135426521,0.06483279168605804,0.003480485174804926
1757863737856706300,4.816706298828125,-0.02761485055088997,0.07315357029438019,0.012997291050851345
1757863737866692600,4.826692626953125,-0.04249126836657524,0.0573519729077816,0.030795462429523468
1757863737876677600,4.836677734375,-0.0313483364880085,0.03145326301455498,0.04032718390226364
1757863737886663400,4.846663330078125,0.013465208932757378,0.01636698842048645,0.028131237253546715
1757863737896648400,4.8566484375,0.047207459807395935,-0.0035324168857187033,0.010701379738748074
1757863737906633500,4.866633544921875,0.059419918805360794,-0.025061411783099174,-0.0017699368763715029
1757863737916619500,4.87661962890625,0.05861271172761917,-0.04398716613650322,-0.008894691243767738
1757863737926604500,4.8866044921875,0.047149669378995895,-0.025790585204958916,-0.0036770266015082598
1757863737936590300,4.89659033203125,0.025604162365198135,0.005230980925261974,0.007360977120697498
1757863737946575400,4.906575439453125,-0.011061439290642738,0.03405943140387535,0.01673503778874874
1757863737956561700,4.916561767578125,-0.04302523285150528,0.04863837733864784,0.019457587972283363
1757863737966546400,4.92654638671875,-0.03686933591961861,0.018987806513905525,0.006563093978911638
1757863737976532500,4.936532470703125,-0.00814953912049532,-0.038242992013692856,0.005788912996649742
1757863737986517500,4.946517578125,0.017800036817789078,-0.17773617804050446,-0.0014879080699756742
1757863737996503300,4.95650341796875,0.04572354629635811,-0.2757120132446289,-0.00005752427750849165
1757863738006488600,4.966488525390625,0.08225865662097931,-0.2610481083393097,0.011825500056147575
1757863738016474400,4.976474365234375,0.07128003984689713,-0.20940595865249634,0.00794234499335289
1757863738026459400,4.98645947265625,0.03465891256928444,-0.1566396802663803,0.007360444404184818
1757863738036444400,4.9964443359375,0.013650031760334969,-0.1020326241850853,0.01335521973669529
1757863738046430500,5.006430419921875,0.015334481373429298,-0.06443251669406891,0.011886486783623695
1757863738056415500,5.01641552734375,0.003067695302888751,-0.0671156570315361,0.013000220991671085
1757863738066401500,5.026401611328125,-0.011422297917306423,-0.06879104673862457,0.013741112314164639
1757863738076386600,5.036386474609375,-0.010182330384850502,-0.06942275166511536,0.016204802319407463
1757863738086372400,5.046372314453125,0.01142868958413601,-0.05017448589205742,0.023851003497838974
1757863738096357400,5.056357421875,0.019714582711458206,-0.03656892850995064,0.033257290720939636
1757863738106343000,5.066343017578125,0.020498083904385567,-0.03386049345135689,0.03820890560746193
1757863738116327700,5.07632763671875,0.029753101989626884,-0.030132336542010307,0.02870248444378376
1757863738126314000,5.08631396484375,0.03256859630346298,-0.028446821495890617,0.01997903361916542
1757863738136299000,5.096299072265625,0.02678713947534561,-0.010834272019565105,0.021090105175971985
1757863738146283800,5.10628369140625,0.0057188719511032104,0.00005273058923194185,0.02027331292629242
1757863738156269800,5.116269775390625,-0.023062441498041153,0.03952423855662346,0.026453444734215736
1757863738166254800,5.1262548828125,-0.052082642912864685,0.07362228631973267,0.035889558494091034
1757863738176241000,5.136240966796875,-0.05415831133723259,0.08834344148635864,0.047332361340522766
1757863738186226000,5.146225830078125,-0.02455487847328186,0.06690100580453873,0.046294260770082474
1757863738196211700,5.156211669921875,0.026553580537438393,0.018076471984386444,0.03531697764992714
1757863738206196700,5.16619677734375,0.07705004513263702,-0.04555710032582283,0.014955513179302216
1757863738216183000,5.17618310546875,0.10576770454645157,-0.08373590558767319,-0.0006639260682277381
1757863738226167800,5.186167724609375,0.0977739617228508,-0.08276918530464172,-0.004614725708961487
1757863738236153900,5.19615380859375,0.05091990530490875,-0.04135330021381378,0.0036479979753494263
1757863738246139000,5.206138916015625,-0.01161670871078968,0.017712151631712914,0.014653777703642845
1757863738256124700,5.216124755859375,-0.05546831712126732,0.05410131812095642,0.019279155880212784
1757863738266110000,5.22610986328125,-0.05922364071011543,0.07340577244758606,0.020125508308410645
1757863738276095000,5.236094970703125,-0.02640444226562977,0.05048953741788864,0.017735321074724197
1757863738286080800,5.246080810546875,0.02359613962471485,-0.008869391866028309,0.013556821271777153
1757863738296065800,5.256065673828125,0.06095229834318161,-0.05982764810323715,0.006047772243618965
1757863738306051800,5.2660517578125,0.06794895976781845,-0.07688945531845093,-0.0007930893916636705
1757863738316036900,5.276036865234375,0.04622635245323181,-0.05800524726510048,-0.0012929646763950586
1757863738326023000,5.28602294921875,0.0051963599398732185,-0.030655913054943085,0.002511893631890416
1757863738336008000,5.296008056640625,-0.027219370007514954,-0.007477623876184225,0.009812151081860065
1757863738345993700,5.30599365234375,-0.04186595603823662,0.015517706982791424,0.01606578566133976
1757863738355978800,5.315978759765625,-0.047736361622810364,0.02177746780216694,0.021701034158468246
1757863738365964800,5.32596484375,-0.02293567545711994,0.017227722331881523,0.024984978139400482
1757863738375949800,5.33594970703125,0.01500930916517973,-0.009619337506592274,0.016156865283846855
1757863738385934800,5.345934814453125,0.051793422549963,-0.06390468031167984,0.005389438942074776
1757863738395920600,5.355920654296875,0.0737256184220314,-0.09084601700305939,-0.0010151970200240612
1757863738405905700,5.36590576171875,0.06570550799369812,-0.1062081977725029,0.0011669971281662583
1757863738415892000,5.37589208984375,0.03494520112872124,-0.07170853763818741,0.011717642657458782
1757863738425876700,5.385876708984375,0.0005424859118647873,-0.032219722867012024,0.024643294513225555
1757863738435862800,5.39586279296875,-0.015172827988862991,0.006599845830351114,0.028736572712659836
1757863738445847800,5.405847900390625,-0.014928882010281086,0.016831977292895317,0.024460868909955025
1757863738455833900,5.415833740234375,0.000022636868379777297,0.006865096744149923,0.015113705769181252
1757863738465819000,5.42581884765625,0.016593623906373978,-0.002348109148442745,0.006402505561709404
1757863738475805000,5.435804931640625,0.02575702778995037,-0.00818149745464325,-0.00030306773260235786
1757863738485789700,5.445789794921875,0.029316077008843422,-0.03277259320020676,-0.0038421424105763435
1757863738495774700,5.455774658203125,0.02672482095658779,-0.04688521847128868,-0.008434497751295567
1757863738505761000,5.465760986328125,0.009466738440096378,-0.05778739973902702,-0.008964733220636845
1757863738515745800,5.475745849609375,-0.019527895376086235,-0.044268928468227386,0.0017787253018468618
1757863738525731800,5.48573193359375,-0.04072852060198784,-0.008862733840942383,0.01768871583044529
1757863738535716900,5.495716796875,-0.03591512516140938,0.019153455272316933,0.023432621732354164
1757863738545703000,5.505702880859375,-0.013314473442733288,0.013479589484632015,0.021939121186733246
1757863738555688000,5.51568798828125,0.018673285841941833,-0.0199848935008049,0.011535482481122017
1757863738565673700,5.525673828125,0.03885898366570473,-0.044006604701280594,-0.0018426411552354693
1757863738575658800,5.53565869140625,0.0444263219833374,-0.07218338549137115,-0.012257198803126812
1757863738585644800,5.545644775390625,0.03550339862704277,-0.07941918820142746,-0.015249527059495449
1757863738595629800,5.5556298828125,0.005013667047023773,-0.07702980190515518,-0.010747984983026981
1757863738605615900,5.565615966796875,-0.012538428418338299,-0.059241484850645065,-0.006453105714172125
1757863738615601000,5.575600830078125,-0.018020546063780785,-0.04231256991624832,-0.006482400465756655
1757863738625586000,5.5855859375,-0.02057824470102787,-0.015534751117229462,-0.0028959212359040976
1757863738635572000,5.595572021484375,-0.02292635478079319,0.008128234185278416,0.0009885653853416443
1757863738645557000,5.605556884765625,-0.024340759962797165,0.011788216419517994,0.0012460930738598108
1757863738655542800,5.615542724609375,-0.01558029092848301,0.005784652195870876,0.002406165935099125
1757863738665527800,5.62552783203125,-0.012373845092952251,-0.006204099860042334,0.005303418729454279
1757863738675513900,5.635513916015625,-0.0018391790799796581,-0.029381589964032173,0.01398772094398737
1757863738685499000,5.645498779296875,0.008440356701612473,-0.047150734812021255,0.008905078284442425
1757863738695485000,5.65548486328125,0.020967332646250725,-0.052930593490600586,0.0018783274572342634
1757863738705470000,5.665469970703125,0.029734192416071892,-0.0411093533039093,-0.0031212246976792812
1757863738715455700,5.675455810546875,0.02401345781981945,-0.018743859604001045,0.001520398654974997
1757863738725440800,5.685440673828125,0.008645952679216862,-0.00854155607521534,0.005946039687842131
1757863738735426000,5.695426025390625,-0.005101551301777363,0.004578506574034691,0.012321114540100098
1757863738745411800,5.705411865234375,-0.00905741099268198,-0.00355878216214478,0.012716860510408878
1757863738755396900,5.71539697265625,-0.0016354472609236836,-0.02604837901890278,0.0062728095799684525
1757863738765382700,5.725382568359375,0.009914415888488293,-0.033902041614055634,0.0038418760523200035
1757863738775367700,5.73536767578125,0.014252971857786179,-0.02827877551317215,-0.0018991001415997744
1757863738785354000,5.74535400390625,0.017283648252487183,-0.016750751063227654,-0.005234709475189447
1757863738795338800,5.7553388671875,0.021514613181352615,0.004893558565527201,-0.0038400120101869106
1757863738805324800,5.76532470703125,0.011904329992830753,0.012089951895177364,-0.0009305084822699428
1757863738815309800,5.775309814453125,-0.01287638396024704,0.025948509573936462,0.004462392535060644
1757863738825296000,5.7852958984375,-0.02786545269191265,0.038183871656656265,0.0022266688756644726
1757863738835281000,5.795281005859375,-0.03519314154982567,0.040096819400787354,-0.006590524688363075
1757863738845267000,5.805266845703125,-0.026623088866472244,0.007108775898814201,-0.00603472301736474
1757863738855251700,5.815251708984375,-0.0038456046022474766,-0.023005450144410133,-0.007138603366911411
1757863738865236700,5.82523681640625,0.024233967065811157,-0.028729116544127464,-0.010486729443073273
1757863738875223000,5.83522314453125,0.03656386956572533,-0.04523459076881409,-0.01678004488348961
1757863738885207800,5.845207763671875,0.03338485583662987,-0.043957337737083435,-0.016716396436095238
1757863738895193900,5.85519384765625,0.02712935581803322,-0.034092988818883896,-0.028854817152023315
1757863738905179000,5.865178955078125,0.013772271573543549,-0.04727696627378464,-0.03213130310177803
1757863738915165000,5.8751650390625,-0.009344499558210373,-0.059774383902549744,-0.02780926041305065
1757863738925150000,5.88514990234375,-0.017359549179673195,-0.01191098801791668,-0.012386628426611423
1757863738935135700,5.8951357421875,-0.01817713864147663,-0.012041483074426651,-0.010086189955472946
1757863738945120800,5.905120849609375,0.003846669802442193,-0.04289234057068825,-0.008886169642210007
1757863738955106800,5.91510693359375,0.027061711996793747,-0.07593151926994324,-0.015958460047841072
1757863738965091800,5.925091796875,0.04607614874839783,-0.11274465918540955,-0.027040138840675354
1757863738975076900,5.935076904296875,0.05315669625997543,-0.10868999361991882,-0.034685276448726654
1757863738985063000,5.94506298828125,0.05764811486005783,-0.09713054448366165,-0.03563176468014717
1757863738995047700,5.955047607421875,0.06379495561122894,-0.08412393182516098,-0.03163355961441994
1757863739005033700,5.96503369140625,0.07219216972589493,-0.06920623779296875,-0.02792697213590145
1757863739015019000,5.97501904296875,0.05805211886763573,-0.05459826439619064,-0.02339853346347809
1757863739025004800,5.9850048828125,0.02231436036527157,-0.043841756880283356,-0.01323777437210083
1757863739034989800,5.99498974609375,-0.007002249360084534,-0.01486469991505146,0.00013662016135640442
1757863739044975900,6.004975830078125,-0.01762799546122551,0.008271778002381325,-0.002118278294801712
